8320
8117
7620
6413
7518
1247
-3525
2388
8296
7190
6024
5825
5154
7464
5345
-993
7
10894
8106
6466
5706
6197
5634
5887
1136
1482
11327
9110
7191
6037
5286
5581
2375
-215
1394
10597
7894
5671
5297
4572
4877
6067
2089
-784
10682
10957
8402
6408
5849
4654
721
289
9568
9154
7115
5184
6122
4210
1614
1477
9854
7609
5629
5211
5952
6540
7175
5632
2193
-1104
315
10871
8996
7631
6677
5460
3419
197
907
7604
10470
7754
6349
5677
5403
4994
3583
1733
1217
8918
8391
7256
7240
6605
4480
100
70
2414
12119
9254
6928
6244
291
-201
1918
12237
8186
6142
5417
5399
6039
3841
407
617
9709
7936
7269
5305
5760
6295
6000
3335
377
2591
9617
6919
6017
3956
459
1521
5164
12128
8969
6460
5530
1950
96
1938
10639
10147
6828
5142
4047
428
1825
10221
8293
6201
5816
5884
5796
4554
3765
6521
6833
7083
7186
5366
4286
3978
3861
4068
5618
5269
4813
5434
4799
4837
5514
5592
1147
71
2716
11818
9718
7491
6386
3589
352
982
2850
12800
9498
6613
5869
5723
4942
3605
562
8423
7907
6547
5962
6726
6741
4339
4125
4760
6957
6879
6469
4744
2798
3532
929
319
2135
10123
8452
6502
6023
6528
1523
714
2716
10075
11764
8221
6514
6771
4964
2251
730
7984
6165
6456
7243
7266
7342
6209
5940
2776
2661
1574
2206
6700
7591
7983
7246
4121
3704
4094
2434
1607
2576
9300
8711
7306
7167
7658
2161
1058
2548
9748
9188
7259
6822
6274
3866
2819
1311
3382
9756
7225
6331
1927
-372
1250
11094
9835
9296
7600
5349
-289
-1731
2284
11996
9010
4855
5455
5807
9374
7146
5098
2347
-807
4
10184
10563
6505
5510
4645
6019
6094
6359
5268
4075
4216
5312
4823
1559
-255
3596
7769
7744
6846
6647
8410
6687
8016
5300
4236
4254
5112
5119
3373
3524
4173
3716
4600
4514
4904
5425
5568
5522
5509
5520
5390
-2623
-920
4699
13317
9582
4055
-1213
5859
7402
7870
7526
13119
9718
8823
6601
1835
-3368
-1321
10068
8437
5559
4843
5113
5368
5822
6495
4434
3823
3481
3818
4195
4494
4858
4974
5465
5389
5691
2400
-3048
444
3715
17277
11695
5905
5336
5305
6888
7643
7193
3355
-4779
-2381
14135
10468
6818
3846
4410
4878
5011
6077
6262
8959
7534
4819
5655
5191
3354
4286
1007
-490
9306
8440
6176
6214
6673
6358
4243
4315
4705
4822
4779
5800
5884
5709
5162
4696
4765
5349
5253
5032
4953
5394
5173
5428
5443
5735
5043
4739
3314
-2518
148
7898
14597
10763
7350
1992
-763
1456
10648
11401
8976
6098
5754
6106
4966
5226
4314
4700
5639
7373
7263
5673
5328
4421
4284
4160
4200
4187
4527
5610
5874
4927
4816
5175
5423
5329
4878
4878
5379
5248
-848
-1937
3404
15058
10591
8114
6879
6951
6770
5099
-1079
-3389
8976
11565
7990
6776
6453
6032
5982
5745
4720
4666
4821
5075
4948
4970
5161
5195
5452
5764
5493
5295
5405
5273
4812
4820
5112
5745
5390
4737
5176
4898
110
-1000
1935
11634
10068
8088
8091
8160
7127
4502
4318
4302
6421
983
-394
3724
9626
7713
7784
7628
6955
6458
6033
5041
3988
3743
3841
4223
4655
5239
5425
5724
5402
6254
5642
5505
5163
4910
5428
5078
5222
5321
5342
5602
5378
5253
5554
5648
5565
5356
5673
5320
5261
5046
5615
-4752
-2141
3548
4303
14425
10120
7077
9939
10390
4962
-2772
-3606
4440
9202
10964
10401
8047
6699
360
-732
2174
8652
9066
8029
6688
6197
5096
1663
2111
6640
7863
6888
7660
7378
8947
6874
4573
4288
3975
4763
3867
5018
4583
4916
4984
5296
5435
4694
4514
4362
4539
5069
5562
5829
5360
5507
5235
4351
-1394
1128
12034
9215
7751
6676
6039
6818
6919
3503
-1792
1809
9710
8551
6663
6189
6606
5710
6162
5233
3774
4035
4052
4786
4757
5401
5376
6010
5128
5487
5327
4918
5160
5414
6276
6161
5975
6383
5950
5811
5656
5690
5120
5046
5460
1270
-1934
1285
11301
12138
8428
7416
5969
4839
-1844
-271
450
2741
11938
11791
7789
5381
7039
6701
7107
5442
4721
5412
5404
1333
6402
7026
7089
5704
6724
5152
4492
4263
4142
5079
4337
4570
5259
5370
5284
6142
4661
4915
4737
4713
5347
5755
5583
5534
5658
5186
5239
4908
5468
5289
5230
5110
5142
5715
5599
5907
5431
5039
5515
5096
5244
5147
5432
5946
5646
5514
316
-3083
1104
8726
9654
15218
15018
8542
-5696
-5537
-1723
10447
13863
12162
11342
8839
4559
2030
-1775
-2086
10002
12117
7684
3864
5695
6367
6574
7612
3413
2742
3850
4097
4826
4980
5149
5505
5165
5541
5547
5710
5647
5558
5231
5514
5565
5801
5258
4902
5157
5409
5728
5395
5436
5797
4992
5916
5276
5803
5114
5434
-418
-1156
9504
15375
11445
6318
6280
5670
6010
2456
2597
-4238
6274
14022
9936
7231
9428
5484
3971
142
1320
2508
3600
4395
4445
4515
5305
5687
5787
5528
5524
5429
5306
5415
5759
6345
5690
5881
6650
10402
5576
4044
3968
4241
5007
5377
7263
5931
4685
4641
4998
5145
-2458
-1329
7784
17601
10835
6658
4605
-2285
-1996
7408
7867
6574
6468
6414
7334
5137
13499
11729
-955
-3430
3640
12341
10175
8075
5618
538
-4034
-461
9429
9831
6092
4221
4217
2138
410
4265
10308
7844
6910
7070
6109
5910
6877
7344
4780
4876
4551
2900
3177
4136
5768
5826
5166
6034
4365
-789
3471
12227
8928
7183
5654
6072
5571
5360
4554
4386
3807
4878
5328
10418
7876
568
6
9914
11320
8563
7767
6336
3376
-387
571
-3323
4176
11710
9138
8672
7772
6770
3844
-694
-958
1399
12328
10878
10736
6736
7744
-3028
-3999
-1477
8342
12559
11063
10138
6681
2188
-3656
-2097
4309
12146
10996
9346
6716
5269
6917
-596
-322
1153
2914
4045
5092
6191
6790
5921
6113
5786
6991
5846
6397
6399
6673
5354
5031
5280
6110
5985
5557
5341
5447
5486
5767
3958
-1811
1028
6521
8383
16659
16518
9369
-6320
-5321
6
14506
13832
10745
5289
1623
-3960
-1922
6906
9201
6322
5929
6192
7232
7292
4941
-2835
356
10112
7868
6860
6820
6989
6998
6755
5805
5200
5097
5562
5284
5565
5256
5671
5053
5269
5043
5190
5576
4549
4915
5371
5473
4664
5490
5274
4906
4977
5503
5672
5814
5427
5689
5224
5276
5552
5557
5548
5362
4798
4578
5639
6133
6263
6709
5853
4918
-2334
-891
421
2556
4501
13097
12870
9459
2728
-2985
-763
5686
13391
11840
6754
4307
2038
-1412
83
8579
9094
7197
7838
7594
7018
6708
7282
7284
5955
4603
4677
4918
5107
5032
4983
5148
5399
5473
5331
5374
4655
5053
2935
1605
6031
7159
7003
6757
6025
5668
5513
5242
5072
5204
4594
4146
5047
5260
5184
5708
6394
5544
5699
5268
4056
3898
4204
4783
5319
6698
6401
6288
5850
4608
5279
4834
2326
-1378
1712
8148
13960
6640
-1885
6
2300
4090
9641
17194
14635
10778
7065
1823
2233
5568
5041
4941
2676
1322
-7389
871
11622
7940
5975
5995
5863
5740
8084
9090
6877
6526
5043
5481
6252
4868
-211
-1053
8741
8272
7109
6445
5883
6664
7984
4903
5729
5836
6559
6608
3476
3698
2980
5295
4764
4777
4910
5437
3058
-1419
-570
12107
10803
7533
6084
5713
6889
7122
6707
6931
2661
2952
1885
-653
5915
11262
7833
6874
7072
8293
8739
1686
-881
-257
9513
9177
7248
6183
4637
6410
7686
6678
3624
3719
4599
4192
4262
4160
601
2363
11382
8757
8040
8117
4426
3563
2813
3350
4080
4832
4999
5084
4938
5269
5178
6869
6083
5591
4780
1276
-3022
3265
15689
11166
5799
6840
7081
1864
-3251
-1239
14094
12815
9375
5770
4936
4024
-298
-569
8881
14081
10154
6565
5718
5072
3580
2138
5638
4308
7033
4753
6024
8022
1636
1320
3581
9102
9017
7590
4816
4290
3572
4658
8354
9846
5827
3859
2632
3227
4177
4168
5012
5213
4800
4393
4713
5337
5066
5841
-2270
-1262
14683
13050
7079
6634
4792
6411
5361
12165
5575
-590
-1233
1951
6839
6503
6751
6798
6296
6883
5942
5557
6599
6682
6736
6128
5004
6028
6482
14755
13269
-6177
-9058
-5804
-3281
13370
18986
15118
10765
7292
5506
3655
2470
671
-6526
-2727
11240
9361
8285
5470
6582
4319
2793
3191
3485
4465
5985
5928
5507
5810
6207
6307
6731
9623
9690
7382
8680
7691
3976
3619
6716
3996
4143
3421
3839
3159
4205
5657
1185
-2159
5520
12558
9714
6615
6318
6332
7175
3988
-3169
-1702
9773
12518
8097
6425
5735
5584
4549
3242
256
5431
9377
8308
7206
6972
7334
8845
7597
6116
461
684
1120
2365
253
6769
8928
9706
8423
8041
7251
2810
2717
3265
-2425
1464
11603
8763
6890
7499
6473
8068
2645
-1852
-398
10962
11139
8470
6737
7056
6250
3975
3532
2639
2736
5756
6853
5970
7323
8613
5405
1399
2597
3295
4102
4227
4923
5511
5172
5944
5571
5962
6714
6259
6599
688
-2037
3255
15884
9769
7230
6768
-1776
-1703
978
17064
13563
7512
5433
3257
-100
-242
8798
12676
9587
8318
6096
6937
-983
-1203
5825
9194
5559
6407
6808
9147
6135
-516
-800
1930
6717
9188
9768
9454
6286
3172
434
1384
3247
4724
5284
5499
5210
5414
125
1789
11281
11033
9496
9096
7028
5531
4481
3022
2740
484
1558
2963
10560
14056
7996
6771
5151
2104
-562
35
6778
12721
8705
6477
6434
4962
5281
2507
501
1526
6330
7146
6993
8273
8416
2821
-534
493
3159
4360
6506
5547
6340
6117
6065
5846
5686
5403
4910
4173
4830
5492
5555
5389
5688
5640
5535
6246
304
-348
448
17098
15048
10686
2358
-5067
-2410
12372
15271
11071
5996
4038
-629
-4962
8996
14100
11357
9434
5301
3682
2526
1663
3355
9299
8487
7024
4644
6258
5171
5197
4461
4886
2840
1209
2885
3237
3286
8001
10363
8233
3515
4080
3475
4689
4752
5189
3443
4422
4948
5153
5234
5087
5630
5575
-699
-496
11205
11227
8628
7701
7921
2471
-1570
144
7236
13766
10130
7688
7762
5618
-442
-731
5967
9224
7404
6588
7059
7824
4191
3238
3331
8119
7544
5764
5098
5183
5468
5239
3598
3796
4917
4925
4708
4827
3370
-624
-297
3669
10625
9702
9788
7425
1630
-2388
-1512
1919
12355
10238
6483
4400
5747
8132
7006
7254
1800
-797
2294
11200
8029
7400
6773
6146
6581
6211
6831
3268
2456
3559
4409
6695
6321
4052
7142
7696
6135
3362
4298
4892
4737
5048
5037
4685
5545
5809
4630
5550
7851
4663
3964
2737
4772
1369
-660
1403
2579
2629
3447
5911
6729
19536
17278
13141
10279
7482
2513
2476
4280
3813
3673
-1020
-2496
8339
7500
5879
6682
6835
5904
7178
8090
5907
6934
5993
2788
3718
6770
4492
5801
5791
3325
5949
3728
5292
5061
4357
4898
5751
3838
7372
7481
5558
6004
4256
4461
4695
5253
4878
5598
4794
5304
5337
4425
5548
3972
4360
4972
5061
5072
5284
6306
7320
5998
4821
5261
6512
5997
6494
6895
6298
5733
3431
-4774
-2853
2334
14965
14132
9499
-361
-3787
759
12846
14180
10015
6611
3219
-1208
-407
12759
11122
8060
6845
7188
5669
3933
3752
7715
6468
8013
6609
4526
3922
4965
2923
3551
3925
3220
4123
4201
5576
4621
5219
4841
5009
5618
7430
6333
5851
6542
6107
3980
6048
5731
4409
5160
4823
4140
4852
4549
4793
4688
5832
5570
6611
5443
5374
5521
4791
5057
5918
4807
6255
5978
3604
-931
-1395
9651
9491
8936
16947
14806
3597
-10077
-6495
9185
14309
10225
6396
6680
4029
3659
4467
6527
7456
8794
9166
7169
4914
5959
4535
2117
1876
2793
2960
3963
5062
5418
5318
4754
4791
5351
6516
5458
5282
6394
6465
7127
5598
4777
4760
6958
6525
6130
7015
4924
-5432
-2847
10450
9344
8913
9072
9958
4686
2679
3323
-1722
1350
10157
8075
8664
8470
8882
2991
3215
1983
4226
5167
9030
9133
5789
3934
5064
5666
4630
3610
4282
4239
3586
4868
3873
4806
5684
6033
5749
6277
5666
4517
5095
4248
4121
4635
5457
5760
5186
6189
6703
7612
6804
-2127
-5197
-1528
16618
13754
8952
8179
6096
-7492
-4015
14859
12535
10597
7460
4059
2768
-1740
8545
9189
6333
7290
7279
3088
3034
3239
4323
7250
8737
6348
7084
5499
3625
5709
6437
6344
6293
5025
4123
3149
5298
5178
5160
4901
5353
4465
5445
5763
5085
3950
5629
4503
5436
-6013
3233
10792
9507
6533
8411
5461
1153
-1982
1806
12769
8780
7095
7732
7076
5352
5275
4152
4386
4070
4028
3431
3576
3646
4199
5821
7427
7587
6791
5628
4707
5175
6124
4651
5084
4459
5091
5486
4546
4887
6178
7712
5533
4341
4231
4673
6134
4409
4975
5899
7150
5641
5082
5118
4725
7505
7950
7003
5546
5795
-3176
-1984
2799
14823
10071
6438
6509
-3145
-6715
-87
15053
12490
8613
8023
5320
-4110
1216
11104
8930
6433
5758
6860
7287
5244
4080
3661
4448
8389
6644
7044
5827
3544
5090
4911
6150
5312
5250
5682
4198
2997
5053
4725
3604
5762
5028
5250
5482
5961
4588
5179
6572
5521
4287
4044
5828
6148
5013
5965
6356
6224
-1906
-5745
3037
13555
11385
9833
7272
6607
3874
-6888
-945
8780
12982
10384
8548
6042
4353
3731
3918
4621
5027
7323
7086
5695
6138
5531
5979
5065
3648
5154
3616
6279
4634
4647
4881
4934
4504
4901
5921
4592
4679
4911
6607
4587
4873
4510
6662
5446
6270
6848
6708
4928
5930
6237
5313
6034
3670
-5495
-7203
1065
16789
13771
10099
5830
6604
2747
-8291
1327
14397
13246
9031
5982
6035
4210
5593
1736
4076
7368
4544
7446
8122
4485
3682
3832
5520
5477
6132
5476
5903
4707
5096
5790
6005
6332
4022
4551
5120
4898
5915
5274
4463
5362
5229
4792
4054
4594
6116
-2527
1014
10696
9155
3360
-3882
-3138
1857
17712
15367
10577
6466
6882
5848
774
-4767
7885
10605
8494
7199
5988
6765
6400
4161
4321
4707
5396
6058
5863
7424
6712
4364
3902
4391
3754
4383
3082
3242
3726
3673
5573
7114
4927
5342
4159
5091
5005
4682
5413
6200
5815
6897
5735
4760
4750
4999
5926
5604
5386
5854
6972
6989
6780
1380
-5462
-1975
7485
12553
13031
17247
12586
2529
-9355
-5641
11987
14423
11082
8454
6303
4798
-3033
-2375
7769
10320
9010
8115
7797
11770
12924
4086
1484
-4813
2307
9076
12391
11401
9145
3821
1761
1779
-1017
768
2126
2715
5457
7274
3187
1290
2771
3105
4593
4507
6740
7083
5568
7004
5034
6384
4283
5687
4611
4817
6852
7196
6649
5382
5889
6003
5522
6718
5919
4631
4280
4834
5002
5832
7195
7101
5503
4673
6466
3934
4996
4081
5620
3937
4274
5404
6894
7723
6331
4443
3399
1762
-970
10938
13022
9984
7852
-2229
-8638
-2518
8973
32740
8878
1568
-1907
1926
1868
-11177
-6818
10039
9766
8747
8855
8745
6929
8283
10386
6763
5823
6433
4191
3191
4251
1876
5180
5931
4191
3460
6739
6862
6047
4838
5120
5867
5689
6073
4119
6221
5950
5719
4293
6720
5819
6978
4999
4893
6374
4109
5091
5747
6050
6190
5378
3284
5471
4665
4840
5880
4871
6513
5743
3829
4743
4844
5151
6856
6185
5045
6441
6642
5472
5115
6031
5659
-12489
10285
9466
7071
8098
-8003
-9636
-3822
17162
20903
15593
9478
1409
-6061
-401
15537
11724
8924
8308
10161
8456
6892
-5962
-1608
9250
8072
7792
8475
7453
4845
4897
3524
6270
5673
5910
3210
1825
3533
6325
4958
5872
5324
4934
4792
5342
5642
3731
4925
5054
5004
6628
4619
7596
6529
4794
4789
5415
4272
6068
4035
5542
5004
4279
6532
5622
5119
4896
6186
4344
5463
5594
5018
4778
5274
4407
4202
4289
4193
4609
5373
5978
6721
7088
6153
6080
6317
4587
3900
4091
5906
5034
7601
6586
4703
-7935
-5462
1177
16077
11218
12697
5711
-8594
-2802
5090
16735
13627
9194
7046
6101
5003
-4592
10087
9318
8438
8616
9477
7998
8710
8116
6126
4241
3380
3810
2427
3996
3643
3310
4579
5564
5402
4694
4743
3867
2977
5917
5798
4740
4907
5642
5693
6393
4450
4209
5339
5186
4814
4882
6767
5095
6348
7102
6234
6016
4202
4415
6757
6383
5619
5304
5051
5424
5803
5491
5839
3611
3501
4804
3928
4939
5345
6370
8467
5334
4307
4469
5175
6690
7392
6168
5040
6005
5805
5063
3771
5256
6573
7341
-6248
-5394
290
16165
12116
2500
-5830
1021
15008
10860
8804
2608
-7702
4582
15290
11277
9474
9165
5664
-4108
3763
10048
8709
8916
7975
8602
7443
8201
4776
4382
3099
3256
3439
5195
4781
5007
4951
4584
4948
3482
5244
5072
3610
5099
5419
6817
6075
5947
3464
3557
5244
4354
6685
4415
6603
4627
4564
3744
4044
4242
6135
4721
5081
4877
5204
5374
5251
5965
7737
7023
6087
6543
5004
7426
6305
5734
4818
5315
4841
5309
5630
2345
-7098
-5314
11571
13300
11319
8180
6636
6081
-2482
-3935
6374
11043
10699
8680
7823
4460
-2432
-1731
7247
9054
10163
9863
7311
6706
5235
4552
2964
2064
1747
6037
7468
7391
7025
6736
5648
6048
5743
5867
4933
3304
9390
8410
6890
7134
7364
5341
4181
3718
900
3984
3388
2676
2140
2087
3380
2493
2078
2608
3831
3214
4127
5841
6913
6391
6390
5256
7079
6630
6957
7130
5953
6829
6253
6021
7272
6762
6141
6280
5394
4890
3919
3157
6802
6665
1875
-142
1211
16966
11965
10041
7448
6572
2278
-1057
-1445
19214
14252
5002
638
-688
856
1307
6229
4516
3535
3237
4402
6180
7039
5851
7098
5944
5968
6057
6064
4977
6433
6023
5225
4290
6152
5107
6169
5903
5206
5420
4983
5257
4251
5097
5562
4843
5127
5395
5395
5343
6275
5258
5462
5479
6142
6067
4980
1731
-463
2335
23349
11735
9089
6056
6511
1088
-2306
-2858
-2
9073
8278
9402
10686
4805
2721
1458
4139
4013
4554
5560
5559
11483
8741
10713
1789
466
-17
2008
3294
4382
5940
4851
4875
5046
5506
5484
6494
5978
5541
5092
5521
5579
6043
6212
5744
6177
5878
6065
7073
6087
4456
4484
5897
6713
6451
5175
6173
5209
5753
5899
5539
4809
6176
4423
4904
5101
4245
4870
5078
4548
5346
4116
16236
7950
538
-5707
-4008
6702
6701
11700
10711
5719
-5621
-2845
5326
14843
12773
8245
6775
4775
-2576
-214
7217
8664
8896
7854
6608
6350
6216
6652
6913
5803
5546
3800
6035
5705
6029
4989
5573
5928
6276
6631
9606
9272
7771
5836
4046
-172
3566
1525
2068
2277
3043
3795
6177
5960
4834
6678
6770
5782
6358
6188
5348
5418
6033
4481
5188
4414
5683
4934
5974
5509
4261
5904
6504
5612
5296
5373
6454
5509
6027
4685
5439
5269
5555
4532
4591
5182
5580
4650
5877
5775
4592
3903
4776
5440
6457
5371
5166
14537
8821
-4195
-7707
-2802
1398
14669
14588
9744
5384
-9080
-4884
10688
12004
10048
8431
7740
5705
-1048
2949
8106
9113
8009
7432
7406
6952
7687
7266
6659
5792
7618
3340
2505
3482
2795
2700
3727
5410
6064
6193
5301
6161
7065
5827
4602
5145
5475
5075
5051
4372
4718
5922
5316
5652
5387
5025
5038
5979
5982
4715
5198
5629
5300
5655
5544
4097
4478
6496
4919
5759
5672
5119
4432
5208
4157
4610
6134
5103
6223
5311
4600
4708
4409
5586
6499
6501
5884
5173
5793
4416
5541
3680
-941
1128
28058
10461
5287
2922
1877
-9680
-7300
10078
11707
9761
6645
615
-2684
1611
8511
10061
9666
8476
8694
6572
5097
5712
4884
4900
4827
2888
5520
7431
6434
5480
5742
5639
5349
3855
5528
6492
4319
5096
4644
2752
3703
4907
5911
6616
6042
5175
4352
4249
5580
5024
5144
5976
5977
6083
5821
5849
5706
5916
6263
6161
5750
4966
4849
4203
4202
5483
5749
5383
5388
5445
6657
4449
5829
5286
5162
5443
5625
5023
6155
4316
6091
5677
4950
5986
3673
2574
369
1322
23109
14740
5393
2195
-2814
-4546
6814
14647
9250
15059
4401
-4364
-6093
-2742
12700
9799
8909
7046
3335
3095
288
-14
2799
3408
4852
10163
5042
9108
6511
12776
2434
59
1809
3144
3748
4887
7663
5668
7414
7823
6354
6689
6057
6827
6393
4682
3932
4738
4820
6074
5167
6424
5951
6111
6385
6197
4958
5763
5191
5652
5239
6176
5633
5738
5080
4936
5373
4862
4954
4448
4396
4731
4694
15788
13524
12903
2025
-3706
-4866
-2789
8360
19720
9052
4009
499
-801
-5157
-674
16200
22677
15564
8319
-273
-2398
-1629
5693
6321
9068
5678
260
-1256
399
8107
4231
7807
10969
9467
10779
9668
9313
7412
7619
5835
4591
1779
3479
5306
3220
1593
5142
-130
2666
-382
-849
284
1349
2769
5109
5887
7047
7113
6955
7490
7749
8631
7749
7374
5484
6466
6114
5830
5874
7388
6472
6361
5843
6675
6545
6116
7225
6639
6063
5252
5061
10293
12459
9630
-127
-417
-1073
-522
9403
20269
6891
1488
-720
-2805
-3514
5140
20837
14864
8244
-337
-1339
-4063
5025
12144
8960
7304
7950
4938
-986
732
4956
3981
4424
6346
3550
4792
5407
3820
5312
5632
5276
6370
6496
7189
5337
5256
5620
4792
5554
5395
5411
5583
5922
7218
6371
5617
5663
5206
6351
5413
5236
5262
6301
5235
5862
4492
3806
4090
4966
5652
5610
5517
4995
6103
5697
5253
5454
5559
6476
5442
5145
5107
5200
6251
6273
5979
3726
-713
187
9926
11250
9414
7126
-717
-3268
367
3903
14715
14219
10786
6831
4285
4322
8491
-355
-2578
4580
7638
7858
6288
5407
5556
7105
10927
7684
5315
2176
2616
3373
2891
2821
3456
4817
6460
6445
7425
4794
6215
5193
5400
5427
7306
5222
4608
5514
6129
5823
5574
5087
5321
4687
4630
5730
6452
6440
6459
4516
5781
6391
6264
4055
4292
5068
6068
5251
5639
4148
4430
5678
4994
5586
5808
6388
4529
4118
4175
5272
6127
5818
5946
6352
6660
4343
2681
-794
458
8394
12457
9549
4904
-2087
-560
2551
12724
12158
9444
7090
-115
-1521
3698
10775
9421
7425
6773
7592
4606
-878
1651
7593
8748
8651
7722
6761
5534
4754
5489
9424
7111
4854
2826
3569
3899
3373
3114
3341
4447
5650
6612
7253
7583
7451
6223
5592
5754
3486
3290
3732
4613
4976
5574
5146
5117
5632
4476
4700
5814
4531
4918
5705
5547
5216
4556
4849
5724
5169
5044
5515
6323
4836
6282
5462
6372
5789
5029
5887
4522
4655
5108
1208
-759
1638
8133
8337
7572
11892
9070
2140
-1093
1163
31542
12299
6762
1651
-2412
-6876
-1058
12320
9989
9695
7696
5138
-349
-3907
-1949
6997
8954
10122
6108
2377
2238
1744
2114
3197
3980
5076
4772
4611
5171
7435
5871
5927
6604
6608
6300
7366
6864
6972
6530
5787
5921
6008
6163
5519
5265
6372
5360
4941
5257
4864
4720
5070
6068
5534
5827
6312
6907
5769
5363
5740
4842
4742
4742
5319
5859
5283
4951
5069
5577
6499
6054
4277
4541
5566
4931
4258
4265
4993
5297
5301
13371
4188
-267
-1849
4682
12852
10733
5446
6114
5642
-9034
-3556
11077
14424
10905
6761
499
-1731
3247
10731
8017
7403
6765
6604
5447
3910
4283
5080
8748
6689
5751
3057
3152
3783
4153
5701
5190
5199
4963
5048
6208
5419
5080
5752
6277
6426
6835
6617
6820
6870
5108
5054
5588
5040
4937
4758
4839
4734
5134
5092
5358
4545
4512
4998
4388
4361
4246
4645
5668
4832
4608
4662
5315
6778
6353
6423
6171
5540
5679
5048
4621
5098
2560
455
8751
8697
1358
541
1186
7197
12685
11384
9421
7225
6047
6645
2380
-2268
3586
14586
11058
6754
5155
3975
-49
-1521
7018
7924
8017
7879
6209
6675
5560
8952
11827
9622
6882
6139
4163
3410
4174
3628
4015
3988
3523
2509
3330
3686
5495
5804
6278
5002
5167
5737
5293
3846
3982
3703
-4179
-4534
-1105
3378
5656
6956
6481
6473
6953
8084
6905
7213
6942
6640
7716
7322
6875
7376
6411
6403
5840
4974
5852
6876
6019
6525
5403
4555
5518
5439
5832
5482
5678
6443
5975
4959
4383
4885
4659
9776
6598
3325
-4833
-2601
5958
8300
7914
13695
11672
5040
-7347
-1828
11910
11201
7433
6868
4791
-2066
2585
12005
9411
7382
8185
6167
8119
6790
5923
3961
1546
148
2610
7606
8339
7221
5738
5476
5068
4246
3023
3941
4714
5235
5241
5898
6654
5138
4970
5253
6589
7187
6695
6145
4481
5706
5644
5726
4763
5972
4975
4639
4587
5546
5351
3948
4153
4240
5581
4796
6254
5075
4759
4835
4786
5352
6688
5438
5736
5945
5060
4776
5084
5440
6560
5357
4803
4780
5267
5618
4972
4980
5246
5551
5191
4968
4713
1816
8786
7036
-1154
680
4260
14475
11060
8801
6307
-3777
-2481
10486
12566
9781
9739
3623
1137
-1886
10692
8557
7545
8178
8396
8030
6473
4140
2608
2984
4119
5349
7187
6792
4995
5849
4308
3526
4065
4091
3863
4059
5273
6695
6838
6660
5063
5054
4903
4760
4719
5365
4811
5479
5141
5129
4410
5302
4822
4861
4564
6164
4901
4794
4888
5527
5191
5000
5256
6509
5537
5409
5287
5275
5478
5319
5324
5709
5325
5757
6426
5762
5200
4819
6368
5292
5260
6773
5254
4985
5825
4852
4865
5063
4028
617
63
21128
15129
9759
5501
-6098
-7686
-3287
9276
10204
11154
7946
5899
1991
-3998
1644
7549
6862
7210
8587
12144
10193
11222
11058
10618
3674
-1004
-1107
4032
9630
8020
4872
2790
226
-206
-658
342
1573
3429
4574
5354
5590
6807
7655
6411
8076
7329
6712
7847
5062
4708
2798
2566
5485
6238
6396
5084
6078
6379
6132
6533
4421
5357
4840
3765
4833
4656
4691
6292
5215
5272
7113
6695
7187
5592
4953
6910
7039
4555
2268
1515
11806
10419
7485
5807
5767
-882
-2121
5916
12438
10967
7777
4469
2336
790
841
12027
10755
6694
3666
-229
-1316
309
2701
3444
6656
6001
7628
7549
7566
4870
5828
5138
5439
3514
5579
5659
4862
6630
6248
4957
4704
5198
6431
7182
5739
6095
5470
5110
5419
5668
5876
6053
5489
4940
4167
4978
5255
5837
4919
4660
4753
6400
5837
5696
4771
5736
6147
4765
4732
4879
4988
3353
3311
3920
4912
4632
5348
6865
7528
5741
5601
5600
13850
18636
7556
-680
-7652
-3771
3441
7517
10160
11465
4517
-835
-2261
257
7526
7938
7392
8284
6295
3043
1204
2918
9321
10029
9220
6337
6776
5880
5981
6379
6427
6351
7577
6949
6485
5791
1927
1400
3158
7628
7348
7096
5769
4831
6065
4197
3694
4233
7049
7039
5790
5480
4802
4855
5731
4895
4884
5893
6379
6184
5462
5157
5309
5325
6228
5210
2718
2522
6812
5883
4998
4578
4809
5470
5292
5882
3678
3869
6090
7130
7036
6721
6111
5713
5741
7037
6128
3762
3115
3904
6414
6156
5804
6112
4854
5476
6050
6558
5009
3327
2551
3895
4093
4116
7691
7038
6526
5538
4360
4668
6315
6204
3687
3269
3757
7313
8058
6660
5616
5434
5374
5046
6172
6460
6535
4079
3625
3825
5906
7769
6891
6690
5772
5567
4490
5385
5330
5435
5063
3173
3232
5178
9312
7348
4336
4262
6383
5165
1709
1725
3145
7476
9058
8005
6997
6399
5711
6238
4655
4342
2489
2770
4258
5645
6901
7770
5763
2399
984
3136
10043
8473
7972
5967
4882
7409
7012
6828
6300
4423
5482
3116
4030
4701
6174
4753
2998
52
339
1843
9899
10323
7516
6995
8146
2367
-1085
153
3390
11268
8399
6064
6120
6000
9097
943
-1741
510
9835
8671
7353
7599
7940
5817
8344
7230
6522
5877
7954
1142
2027
2898
-358
1245
8827
8616
8628
6982
6462
5952
5713
2334
2177
6981
8243
9004
9258
8194
7043
5534
5598
848
1612
-1096
741
8813
9882
7021
7886
7870
8980
5466
1257
-317
-732
6392
9529
8629
6177
5056
4510
2944
1126
1283
4639
10433
8896
7147
5351
6545
6576
3232
-1801
436
5803
11310
9200
7979
7005
5464
4859
2518
502
2777
7973
8398
7934
7530
8506
8140
6653
4929
2787
1430
1691
-1890
2754
10021
10575
11309
6148
5154
1856
3253
7523
4324
4058
4833
-1158
4839
8763
6870
8545
10110
9200
3950
1146
1729
1437
68
2917
8651
8835
9061
9676
4700
2431
2884
-952
-229
5031
10908
9267
8691
8688
7733
2777
-340
-1137
569
10203
9503
6936
7876
8422
7801
1363
-922
-310
2429
9707
9245
8283
8431
7076
7873
6461
5301
4448
2654
2674
2056
2799
7493
7721
9137
3737
3497
3495
3652
1632
1683
2788
5286
11129
10952
9358
10600
2310
2806
727
1183
3143
3534
10736
10431
8314
9486
9503
2520
1259
37
1400
11136
8198
6258
6867
7962
685
-1473
-1728
1014
10129
11442
8220
8806
9145
7554
-1931
-2945
-676
6248
11015
8889
8634
8739
5448
1989
3295
1179
1407
4705
9299
9037
8983
10792
3279
3507
4024
4341
4810
958
1410
15034
10620
7129
7973
6456
8468
7135
-479
564
1121
3230
8760
8118
8407
3988
2081
2484
3795
2958
3227
6281
9709
10275
11193
2078
2035
2615
2957
3573
4515
4051
3563
5903
10438
9099
7985
4829
3338
2938
-218
-588
2256
15657
13713
8806
7011
3119
-1909
-2430
-1714
9949
14964
9439
7202
6275
1668
-2870
465
4979
13079
9230
9666
12060
1702
787
2524
3188
4093
4696
5071
5890
5620
6724
5846
5890
5617
6049
4819
5532
5730
5021
5564
5145
5508
5071
825
2246
11169
10198
12787
4853
3295
2463
1334
-1098
2780
12388
10146
14160
2368
288
-2418
1006
3881
12308
10793
12057
7297
3754
2535
1867
1991
-2436
9908
10210
11895
11975
2221
662
2233
2291
4721
4492
5295
4586
4492
5017
5880
7352
4953
4027
3899
9011
11595
11118
3942
3789
4638
5241
3523
-1457
10416
11671
8414
8556
8724
5114
4798
190
-241
-4521
629
15274
9551
6455
9826
3152
2169
1618
1566
-134
398
13470
10326
11293
4770
3327
2886
2974
2935
745
9531
9200
10320
5405
5511
4488
2595
2891
3787
7923
5981
6325
6083
6354
4663
3772
2296
11372
8297
12633
4245
3223
3519
3894
3461
3217
4694
5102
5287
6155
7372
6487
5428
5006
4784
-1548
2148
13295
9131
7477
4408
6857
2847
2691
-2770
1895
8449
15343
8904
6953
7329
2537
2389
706
4984
7738
8404
4698
4868
2846
2721
1728
9034
13051
9868
5075
4202
4472
5065
3267
1767
2692
8630
12220
8961
6500
4488
4328
4518
4519
4400
5219
5217
4932
7628
5894
5246
5119
4619
4057
4316
4682
5412
4932
5285
5890
6176
6054
6304
5775
5285
5318
5258
5657
5168
5040
5219
5028
-626
-5120
-1910
18447
18992
13052
4197
3171
546
-8286
-1562
11561
16874
10088
4549
2665
1227
985
24425
10556
6439
5516
1904
-204
747
836
13107
6797
10457
8576
8500
11656
13904
-5576
-4922
-3210
-1393
1032
1842
3218
3991
4913
16762
8983
4942
3130
4375
4309
6951
5359
4473
5589
5365
6094
5103
6234
5054
5216
5001
5805
6594
6224
5277
5509
4630
5251
5384
5743
17711
17324
2890
-1194
-496
-2331
-3604
985
15635
13901
8621
5183
2715
-4306
-4060
6027
14621
16356
13608
4313
-3098
-7374
-4546
11494
16111
15010
7688
4325
8067
-3778
-5001
-2216
12529
12362
11374
8854
6103
6258
6646
3852
-2975
-1724
1730
17091
19591
9421
4289
325
-780
-602
347
2041
2742
2682
2630
5006
6497
6598
6486
6644
6697
6519
6792
6055
5669
5890
5829
6211
6233
6818
6375
7230
6643
6131
5583
4906
4738
4304
4989
5113
5065
4849
5425
5088
4657
5216
4964
4930
5359
5369
5437
5624
5316
5039
4960
5011
5216
5188
5381
5485
5525
5653
5650
5675
5339
5435
5213
14879
9143
841
-1559
-1337
2065
8737
10601
8963
6182
3999
5530
904
-216
2112
10079
10354
7364
6109
6599
3962
-2673
5416
9003
7922
7631
6656
7871
2656
3008
4012
4172
4756
5486
5563
5852
6060
5436
5435
5462
5739
5759
5525
5484
6012
5419
5580
5456
5505
5203
5356
5204
5292
6053
5430
5442
5391
5450
5510
5270
5255
5393
5718
5309
5093
5155
4985
5010
5337
5375
3851
2527
3249
4933
11304
11475
7558
7103
7759
7492
211
1660
-1214
1933
10131
8356
6074
6118
4519
2802
2682
3154
8215
6876
5213
5095
5138
5362
5335
5094
5883
7578
5626
5722
5145
5079
5155
5215
5223
5318
5216
5609
5425
5477
5481
5824
5542
5522
5437
5269
5259
5528
5263
5323
5487
5529
5578
5597
5645
5481
5437
5188
5058
5483
5181
5274
5075
5046
5288
5188
5157
5284
5564
5887
5890
5549
5440
5363
5180
5394
5965
5831
5156
5387
6698
5270
3817
1763
2119
2445
5435
12105
11854
10206
5691
4151
4451
1192
-1060
773
8463
9430
8535
6039
5002
2598
1775
3264
8698
8604
6828
5859
5867
6699
2821
2846
5537
8437
6611
6239
6224
6204
3132
3548
6690
6189
6893
4160
5893
5793
5432
5348
4516
5176
5393
5530
4575
4733
6069
4262
6622
7388
5993
4202
3785
4012
4333
4787
5213
5399
4712
5277
5875
5394
5331
5167
5034
5412
4857
4234
4640
7278
8470
7142
6924
6240
4550
4054
3829
3597
4406
8147
6039
5545
6644
6142
5897
3705
3850
5824
6149
7050
4641
4819
5044
5742
4656
6297
5774
6136
5724
6526
5286
4650
4751
4533
4910
4735
4620
5332
4163
3510
3814
4337
7304
8582
7261
6917
6606
5034
3631
2974
3832
6001
8859
6152
7009
6123
5707
2735
3192
3242
4096
7153
6787
7497
5937
5975
4783
4430
4360
5331
5703
5757
3338
4122
5418
6085
6083
6205
6117
5703
5477
4360
5397
5602
5689
5480
5382
5482
5468
5137
4952
5872
5600
4240
3959
5023
4763
4186
5195
5669
4611
4746
4723
5212
5434
4837
4415
4585
4358
7038
7856
8061
6537
5097
3209
3066
3591
7629
7971
7042
6092
5373
2251
1929
3288
9256
11515
10531
8103
4529
4328
1036
-90
1549
5285
9458
8839
6451
6973
6563
1851
1383
2558
7043
9317
7178
7386
7136
6136
5527
6894
1267
1818
3380
4108
7187
8209
6371
2798
3776
4632
6885
7052
4926
6459
5320
4693
2728
2492
3321
6580
7300
7001
5602
5514
6048
5660
5608
5926
5966
5849
5782
5229
4966
4689
4819
5754
5473
5340
5525
5531
6168
5717
4739
5460
5605
3358
3070
3937
7863
7678
6449
4893
5382
3775
2955
3533
4159
8729
8850
5720
6849
6435
6127
2615
3197
3518
5271
9051
8325
7562
4937
3737
4622
4070
4557
5925
4984
6203
7590
6776
5547
6443
6733
3808
5046
2721
3485
3358
5280
5936
5701
5726
5170
5547
5429
4862
5043
5200
5836
6359
5698
5550
5592
4390
4161
4985
4608
5474
3810
3428
4706
9820
8069
6043
5574
2093
2041
3160
4811
8673
9312
7383
6313
4548
3772
1557
2079
3344
9045
10490
8404
6234
5239
5868
2483
3035
3001
4787
10197
7876
6972
6159
6379
5021
5576
3640
3107
4461
4236
7561
7933
6949
5322
3705
4905
5279
4308
4552
4970
5010
5424
5135
5377
5074
5074
5924
5605
5562
5538
6708
6405
5393
5437
5579
5119
4734
4801
6139
5303
4966
5052
4945
4525
7116
7912
5976
3990
4295
4489
5482
5283
5462
5270
4981
5257
6711
5529
5366
5116
5324
5634
4584
4998
9501
8811
7262
6611
3407
2751
3085
3542
4272
4299
4207
8476
5418
4045
4531
4838
5439
5993
5584
4836
10172
8666
6321
3377
3163
4511
4339
4185
4260
3972
8155
9201
5533
4552
4080
3988
4445
5092
5276
5556
5675
4967
8760
8137
4711
4236
4309
4850
5436
6601
6182
5670
4909
4555
6622
5766
4142
3956
4321
4493
5663
6060
5696
5020
4053
7896
7766
5074
6982
4034
4284
4366
4823
5979
5475
4337
4290
7509
4978
4105
5624
4704
5171
5191
5466
4697
4978
10048
7607
5987
6362
5486
2190
2937
4906
4425
4161
4843
7979
9130
6623
5907
5625
5026
2441
2996
3718
4286
7492
6525
4733
6064
6058
6165
5235
5316
5368
7259
7176
5609
7420
5681
5363
5405
4599
3997
3650
3954
4715
6354
7498
5729
5160
4700
4511
4606
5320
5599
5111
4382
7362
5796
4924
4159
4323
3278
3750
4125
5243
10827
9976
8075
5222
607
955
2506
3501
4597
3076
10058
9145
6124
5898
7646
5098
5275
5674
6047
6654
7484
6029
5325
4848
4794
5594
6841
6121
5193
4978
6122
5686
5394
5371
4465
4981
4655
6067
5201
5110
4811
4578
4577
4960
4724
6704
5746
5061
5306
4913
4796
4951
5009
4960
5319
6849
5688
4739
4779
4900
4900
5124
5229
5740
5642
5568
5532
5617
5891
5794
5818
5467
6561
6776
7554
5057
3720
3274
3655
8803
9520
5752
3409
3385
1182
452
1917
7953
10766
7143
4701
3486
2036
1887
3393
9057
9594
9199
7795
4156
4024
2822
3350
4045
6320
8156
10754
6791
4961
4440
4545
4647
4801
5508
6034
8952
9020
3723
4387
3592
3954
4328
4926
5058
5018
6538
6856
6595
4855
4347
4220
4329
4606
5002
5003
5402
5269
5031
5937
5734
5753
6242
6999
6704
4342
4275
4522
4460
5005
5081
5157
5914
5907
5348
5207
5208
5343
5411
5504
5471
5472
5333
5502
5288
5408
5780
5880
5661
5613
5556
5422
5619
5712
5937
6232
5543
6407
5718
5292
6013
11131
6051
3711
3664
2709
2501
3274
7460
5748
4608
6196
10395
6018
85
-1488
1419
9677
8174
5492
4635
4636
3634
1161
2700
4983
8723
8746
7616
7000
5367
6189
6720
6174
4949
3799
8119
8594
7641
7023
7759
7266
6479
2651
2530
3325
4006
4570
4658
4916
7213
5192
4867
4925
5270
6091
5162
4732
4380
4265
4514
4618
4575
4851
4936
5138
5072
5299
5770
5828
5969
6581
5607
6441
5727
5516
5032
4871
4935
5281
5208
5386
5430
5481
5313
5330
5426
5472
5415
5311
5294
5375
5325
5494
6034
5431
5412
5249
5312
5458
5223
5204
5347
5276
5183
5347
5476
6498
5406
5244
5409
5136
5257
6504
5773
5129
5236
4908
4675
4406
7530
11234
8521
3798
565
-597
1420
6865
9399
9148
6456
546
-1281
3225
11870
13744
6538
4151
2465
3643
4953
4736
4069
3725
3569
8587
9330
7510
6802
5591
8388
5951
1658
496
2137
7675
11078
9398
6864
6337
2810
2335
3527
9785
8753
6080
6302
5147
5999
3085
1081
1828
6414
8678
6841
5137
4997
5366
5055
5951
6171
4426
2927
4464
7261
8594
4412
3250
3387
5045
4066
4104
4671
7833
6794
7489
8221
4748
2818
2721
3289
4197
5546
7876
7466
5122
4095
4039
4411
4357
4878
5044
5114
5349
5620
5738
6143
7062
6232
5028
4972
5471
5162
5463
5000
5288
6635
5495
5461
5446
5193
5114
5288
5504
5363
5526
6035
6969
6251
6319
6126
5971
5032
4964
4968
6367
4770
4387
4293
4576
4937
3586
3702
5050
9732
7800
5538
1508
1453
2289
3788
5136
10318
9846
7994
6597
5640
3630
3394
3191
4053
5706
4891
6150
7102
6597
6088
7116
4975
4970
5144
6161
4856
3014
4504
10011
6852
5486
8095
6452
5592
5952
4608
5321
4747
4994
4973
3609
3314
3350
3997
3054
2795
7155
7472
6659
5980
6035
7550
4609
3426
3709
4339
6379
5855
7328
5378
3286
4877
5012
4744
4403
4890
6821
6664
5191
4720
4759
5136
5496
5114
5278
5333
5475
5609
5597
5839
5637
5381
5666
5314
4374
4047
5142
10470
7249
7454
5639
7067
3759
2354
3370
3132
2515
8434
11586
7599
4900
3280
4616
1949
2556
3519
4337
6472
8360
6023
4443
4867
5054
5566
5390
3569
8430
9043
8599
7742
7177
1875
2215
3271
4092
4640
5093
5439
5673
5706
8970
7857
4354
4497
4221
4546
5096
5148
5318
5441
5255
5639
4899
5189
5130
5237
5488
5306
5524
5755
5296
5206
5195
5589
6479
5946
5603
5187
3321
3835
4489
11687
9157
6894
4434
3216
3182
1441
1033
6544
10560
8448
6169
2865
3381
2725
1745
2195
8575
8308
6482
5624
5021
6472
4925
4321
5287
5319
5313
8008
7633
6941
7178
5145
3038
3248
4139
4716
5748
5893
6281
7413
8210
6459
5087
3748
4868
5557
4022
3961
3530
4566
4340
4370
4650
5625
5297
5341
5555
5552
5236
5550
5415
5762
5829
5225
5568
5435
6015
5826
5414
5684
6667
6552
5899
5769
5174
5580
4773
5579
5719
5156
6249
6117
1886
3865
4313
10160
7758
5206
4147
2910
237
3132
9863
8527
5487
3714
2586
-980
1923
10329
8815
7699
6256
5132
4991
3159
1573
9521
8943
5556
5980
6166
5922
6690
4502
4547
4629
5054
5648
5506
5720
5443
5511
5660
5698
5745
5648
5486
5421
5772
5667
5240
5022
5090
5203
5266
5346
5432
5298
5613
5614
5207
2562
4849
8354
6002
4657
4494
5204
5065
4978
5154
5196
5780
5435
5618
5561
5592
5692
5437
5429
5280
5227
5313
5407
5294
5384
5342
5708
5350
5607
5118
5149
5216
5207
5311
5270
5519
5427
5200
5563
5592
5568
6126
5326
5253
5298
6587
5097
4994
5021
4955
4908
4936
5633
5268
5324
5237
5169
5050
4394
4470
17975
9495
4866
9292
2542
1831
2147
5853
229
-889
-2595
-1565
859
6986
9530
6144
7432
7579
5199
4916
4844
8768
8186
2738
-670
2715
9390
6696
6561
6753
9581
8659
9087
8053
6077
1457
901
7882
9952
7557
6102
5601
3910
1272
2475
10010
8583
5327
4067
4278
7234
6431
6507
5348
3750
2431
2700
7895
9426
7866