76.53
76.53
76.15
75.39
75.51
76.67
78.55
79.96
79.71
78.3
77.02
76.62
76.53
76.65
76.95
78.46
80.15
80.76
80.61
79.24
77.58
76.52
76.97
78.8
80.2
80.83
81.29
81.09
79.51
77.26
75.96
76.39
78.18
79.72
80.29
80.79
79.82
78.21
77.59
77.17
77.27
78.65
79.2
78.55
79.34
79.65
78.67
77.39
76.76
77.2
79.47
81.28
80.8
79.96
78.48
76.86
77.31
79.17
80.7
80.68
79.51
78.86
77.96
77.2
76.77
76.86
77.3
77.57
79.43
81.72
82.13
82.15
82.3
82.11
81.77
81.55
81.52
82.16
83.3
84.22
83.98
82.47
80.97
79.43
78.16
77.75
80.3
82.59
82
80.95
79.12
77.56
77.81
79.27
80.58
81.57
82.25
82.66
82.6
81
78.94
77.81
78.68
80.9
82.32
82.38
81.22
79.13
76.62
75.05
74.42
75.61
78.37
80.64
81.28
80.85
80.42
79.88
79.25
79.37
80.56
82.05
81.7
81.15
81.86
80.72
78.87
78.17
79.96
82.24
82.66
82.61
80.53
77.68
76.05
76.67
79.1
80.44
80.53
80.23
78.69
77.32
77.32
79.32
81.42
81.51
80.22
78.95
78.95
78.16
78.22
80.29
80.11
78.04
76.57
76.41
77.47
78.63
80.19
81.34
81.81
79.38
76.47
76.73
77.6
78.24
79.84
79.94
78.67
81.17
83
82.07
82.64
83.7
83.43
81.5
79.3
79.13
81.6
83.33
83.66
84.33
84.01
82.4
80.79
79.75
80.82
83.08
82.92
81.97
81.6
80.09
79.56
80.51
81.19
82.57
83.19
81.28
79.1
78.57
79.48
80.04
79.96
80.34
80.82
81.04
81.08
80.9
80.3
79.21
78.53
78.85
79.91
81.37
82.59
83.68
83.83
82.59
81
78.97
78.79
81.14
82.19
81.73
81.23
79.95
79.29
79.93
80.44
81.13
82.06
82.92
83.03
82.58
82.42
82.08
81.23
79.62
79.65
80.96
80.69
81.42
82.68
82.12
82.3
82.28
80.21
79.52
79.89
79.32
81.1
83.42
83.46
83.33
82.19
80.13
78.07
78.19
80.71
81.74
81.03
80.02
77.44
74.45
72.47
74.57
78.54
79.37
80.02
80.4
78.92
76.71
75.63
77.26
79.34
80.15
81.71
83.03
83.55
84.81
86.34
86.86
86.41
85.17
83.82
83.21
83.43
83.62
83.02
81.84
80
78.47
77.47
76.34
75.86
77.46
78.81
77.76
77.76
77.76
77.76
77.82
80.56
82.71
84.35
85.51
86.92
88.76
89.46
88.7
87.75
85.85
84.26
83.97
84.56
84.45
82.38
77.86
74.63
74.63
75.38
75.59
74.28
73.39
73.1
72.36
73.69
77.7
77.82
77.02
80.08
82.82
83.28
82.4
81.06
80.68
81.53
81.49
81.75
83.02
84.42
83.85
81.65
79.88
80.77
83.05
83.19
81.53
79.1
76.51
74.44
73.58
72.53
72.01
72.54
72.54
72.54
65.68
65.68
58.15
58.86
59.92
61.97
65.06
67.39
68.46
70.19
72.85
77.38
81.16
81.96
82.56
82.48
82.58
83.91
85.22
84.23
81.7
80.65
81.18
81.65
79.25
77.16
77.52
76.89
76.33
76.72
79.02
81.32
81.52
81.1
79.39
76.75
73.78
71.72
70.36
71.27
75.01
74.53
71.78
70.92
69.55
67.97
67.86
68.63
68.81
68.81
68.81
68.98
69.3
69.71
70.02
69.91
69.83
69.99
70.31
70.64
70.59
70.3
69.8
70.44
72.31
73.82
74.66
75.11
76.33
77.43
76.1
76.29
76.29
76.29
76.29
79.28
77.44
77.27
78.69
80.01
79.37
76.93
74.55
73.2
72.94
74.27
76.51
77.1
75.01
71.43
71.45
73.41
73.25
72.91
73.09
74.34
75.57
75.51
75.1
74.66
74.01
73.27
72.74
73.21
73.84
72.75
72.65
74.26
75.54
76.04
75.88
74.33
72.92
75.94
79.07
79.09
76.99
74.3
72.85
74.59
77.15
76.11
75.53
76.44
77.88
77.65
75.49
75.77
76.58
75.82
77.77
80.09
79.07
75.51
72.52
73.2
73.87
73.15
72.82
73.03
73.94
74.39
74.03
74.45
74.7
73.96
72.71
71.89
74.01
73.01
73.01
73.01
73.01
71.1
76.19
79.04
81
81.08
80.09
77.89
76.22
76.48
77.46
78.07
76.95
73.99
70.83
74.84
74.84
74.84
82.01
80.18
77.07
74.9
74.52
75.19
76.01
76.45
77.18
77.08
75.91
72.1
69.2
71.73
74.76
76.28
76.92
77.2
77.8
79.69
81.29
81.2
81.08
80.16
78.28
78.47
78.43
75.57
76.1
79.03
80.19
81.18
80.64
77.29
75.86
77.51
80.36
81.77
80.67
79.59
81.23
84.77
86.87
87.96
88.53
89.07
89.29
85.58
82.35
84.04
85.72
85.17
83.12
80.32
77.88
76.85
76.11
76.97
79.41
79.58
77.16
74.3
72.24
71.68
72.43
73.64
74.55
74.66
73.77
71.99
70.36
69.71
69.73
70.13
70.67
71.33
71.84
72.12
72.27
73.34
74.16
73.98
72.17
70.44
71.09
72.61
74.22
75.53
76.16
76.4
76.84
76.85
75.22
75.53
78.16
78.04
77.79
79.49
82.06
83.94
83.56
83.56
83.56
83.56
83.56
78.26
76.86
78.8
81.61
81.64
79.28
76.82
76.37
75.66
75.42
76.69
77.86
77.9
76.97
75.27
73.79
73.86
74.22
73.18
71.55
70.2
66.4
63.09
66.78
71.34
74.01
76.97
78.27
77.45
75.64
74.27
72.6
71.55
71.9
73.81
76.02
75.4
75.94
79.2
82.29
83.8
83.45
81.44
78.82
77.6
78.99
81.48
83.14
85.33
86.91
86.95
86.52
86.99
88.24
88.94
88.94
86.82
83.68
81.65
82.08
81.96
79.4
74.99
71.62
71.28
70.12
68.83
68.19
67.67
66.78
66.26
66.7
66.96
66.96
68.39
70.22
71.37
72.12
72.12
73.11
74.51
75.52
76.62
77.35
76.68
74.4
71.57
72.87
72.87
72.87
72.87
72.87
72.87
75.11
69.73
69.73
71.69
73
75.67
78.43
79.6
77.25
73.25
68.36
65.08
67.66
71.83
76.26
77.23
76.08
78.87
82.53
84.83
86.44
85.04
83
83.42
85.21
86.71
85.37
81.49
78.11
76.47
73.88
73.21
75.03
75.95
75.18
72.99
69.15
65.73
63.11
61.13
61.83
62.84
65.91
68.15
65.94
64.2
63.79
63.56
63.56
63.74
64.01
64.32
64.6
65.87
67.33
68.51
69.65
70.14
70.78
71.24
69.91
69.05
71.03
72.57
72.75
73.7
74.96
75.93
77.17
77.86
77.62
78.97
81.24
81.69
78.42
75.1
78.87
83.2
82.91
80.21
76.58
74.56
74.92
76.48
77.87
76.6
75.72
78.49
78.41
76.13
75.15
72.92
70.49
72.9
76.5
77.54
75.96
73.41
72.74
71.88
70.86
69.86
69.34
70.24
71.72
73.12
72.88
71.8
72.63
73.53
73.53
70.77
67.86
69.73
72.7
74.88
77.33
78.53
78.13
75.66
72.88
71.13
71.51
74.93
77.44
77.25
74.86
75.71
79.62
81.7
81.61
79.92
77.22
76.94
79.5
81.22
81.51
80.94
81.17
82.7
84.61
86.03
85.8
84.34
83.41
84.13
85.23
84.82
83.19
81.79
81.1
79.56
79.03
79.83
80.62
80.73
79.68
77.56
76.14
76.52
78.99
80.23
78.67
76.3
74.14
73.24
72.5
71.93
70.88
70.61
71.62
73.02
74.09
74.26
74.49
74.86
75
75
75
76.44
77.86
76.99
77.9
80.37
81.08
79.52
77.36
76.46
75.12
73.45
75
75.68
75.68
75.68
75.68
75.68
71.71
75.4
77.99
77.51
75.53
73.99
74.17
74.76
75.88
77.72
77.68
76.17
76.22
75.92
74.91
72.8
71.45
72.49
74.77
77.18
78.67
79.23
78.97
78.48
77.09
75.34
74.45
75.05
77.18
79.42
80.48
80.65
78.37
75.58
74.66
73.9
73.38
74.88
77.07
78.28
77.83
76.55
76.27
74.03
71.61
74.11
76.62
76.03
74.2
71.47
67.62
66
68.41
69.77
69.77
72.01
74.92
76.65
77.39
76.77
75.93
74.02
72.06
72.85
75.51
78.7
81.04
81.67
82.16
82.16
82.16
82.16
82.16
73.1
80.83
82.96
85.38
87.43
88.27
88.06
88.49
89.79
90.02
88.47
86.05
83.28
80.33
81.16
82.82
81.81
80.34
77.05
73.08
69.41
67.41
69.26
71.53
72.57
74.64
76.47
76.68
75.67
74.36
74.27
74.09
72.84
73.5
75.22
75.09
73.25
70.82
70.33
71.1
71.89
72.55
72.73
73.43
73.69
71.88
70.51
70.68
72.7
74.82
74.45
73.45
72.73
74.62
77.1
77.77
78.67
78.71
77.17
74.29
72.07
72.79
73.63
73.1
75.72
79.2
79.79
77.21
73
73
73
68.26
74.79
79.77
80.98
77.12
72.22
74.38
78.99
80.14
78.05
74.29
71.12
71.87
76.62
79.42
79.63
78.51
75.05
72.84
74.85
76.29
76.53
76.77
75.69
73.78
70.95
68.81
68.81
69.23
70.04
69.89
69.2
68.61
68.6
69.89
70.75
70.75
71.72
70.45
70.45
70.45
70.45
66.13
70.75
74.67
75.82
76.36
76.75
77.14
78.13
78.95
78.95
78.75
78.45
78.24
77.94
78.18
79.41
80.4
80.38
79.77
79.01
78.27
77.2
76.09
75.75
76.98
78.79
79.77
79.73
78.85
77.62
77.62
77.62
77.62
71.63
74.83
77.35
78.73
79.15
79.15
79.15
79.15
73.58
79.39
84.17
86.22
87.64
89.6
90.72
89.3
86.17
82.75
81.37
81.75
83.86
86.32
87.45
88.36
86.98
84.86
84.41
84.52
84.01
82.69
81.38
79.36
77.61
77.83
79.84
82.08
83.41
82.98
81.37
79.15
77.44
77.07
77.15
77.8
78.49
77.03
75.38
75.38
75.04
74.62
74.39
74.26
74.23
73.69
73.24
73.42
72.45
71.08
70.94
70.96
70.63
70.54
70.7
70.43
70.84
73.47
76.46
78.04
78.53
76.95
74.45
72.65
71.28
69.8
69.38
70.35
73.49
75.79
73.73
73.45
75.47
76.14
75.38
73.9
72.86
72.25
71.02
71.24
73.5
73.5
71.86
70.08
68.88
69.04
69.61
70.24
69.91
69.55
69.87
69.23
67.82
68.84
70.97
72.89
74.75
75.69
76.51
76.25
74.57
74.37
75.61
76.67
77.08
76.79
78.92
81.21
81.15
78.36
78.36
78.36
78.36
78.36
72.19
75.34
79.58
80.09
78
79.88
81.7
81.25
79.37
77.32
76.76
78.4
79.33
79.06
80.61
81.31
79.75
76.73
74.63
74.74
78.18
81.52
81.5
81.28
79.94
78
76.29
76.4
78.61
80.41
78.5
73.19
71.21
72.3
73.06
74.55
76.65
78.7
79.36
78.59
78.69
77.82
74.08
71.77
71.8
72.5
73.54
74.46
74.7
74.33
74.26
74.58
75.14
76.93
78.32
77.94
77.94
77.94
77.94
78.36
79.63
81.8
82.81
82.15
84.11
85.52
84.41
83.67
80.78
77.16
74.63
72.38
71.17
74.69
78.6
78.36
79.66
81.17
80.89
79.08
77.41
77.32
78.18
79.07
78.81
79.38
80.5
80.93
82.02
83.71
85.33
86.96
87.88
88.5
89.94
91.17
91.81
92.01
91.06
88.25
84.75
82.18
79.8
77.91
76.93
76.95
78.38
80.47
81.29
80.49
79.37
77.3
75.5
74.94
73.87
73.06
73.46
73.39
72.5
72.12
72.03
71.69
72.64
74.81
76.91
78.84
80.57
81.31
80.07
77.99
74.69
72.33
72.34
72.05
71.36
70.04
68.68
67.38
67
68.69
70.31
71.14
73.71
74.82
71.71
69.88
70.04
70.9
72.42
74.84
75.98
75.43
76.98
77.49
75.72
74.09
72.93
72.22
73.26
75.36
75.31
74.81
75.19
74.06
72.65
72.68
72.4
71.71
70.66
69.93
70.36
71.73
73.67
74.3
74.18
75.08
75.12
74.19
74.09
73.93
73.21
72.67
72.97
72.97
72.97
72.97
72.97
76.98
75.62
74.65
73.87
72.61
73.33
75.68
76.11
75.85
76.05
74.27
71.82
70.02
68.89
69.05
71.58
74.46
73.85
70.45
66.09
65.58
67.77
70.64
72.37
70.38
69.79
71.62
73.75
75.78
77.95
79.53
78.51
74.04
70.56
70.23
72.38
75.45
77.38
77.22
75.77
77.5
78.72
77.43
73.77
71.86
74.75
77.35
78.72
80.17
80.22
78.53
76.17
76.1
78.22
78.71
78.4
78.05
76.41
74.64
73.9
75.34
77.83
79.37
79.35
77.81
75.87
74.63
74.57
73.85
73.98
75.86
77.81
78.26
76.79
75.47
75.15
75.44
76.33
77.29
77.1
76.72
77.11
78.45
79.26
78.32
78.32
78.32
78.32
79.68
80.32
79.39
76.89
74.24
72.67
73.12
76.96
79.93
78.5
78.5
78.5
72.29
76.25
77.22
76.54
75.18
74.25
76.19
78.33
77.94
77.91
77.37
75.45
72.41
69.97
68.47
68.03
69.79
72
73.59
70.19
66.1
66.97
68.16
68.95
69.97
70.79
74.25
77.48
77.44
77.32
76.8
75.08
73.77
73.62
74.3
75.7
77.26
79.08
79.52
78.16
76
74.75
75.68
78.08
80.4
81.35
78.88
75.44
76.18
79.45
82.42
83.27
82.26
81.36
81.08
81.9
83.03
83.33
81.47
79.01
77.87
78.78
80.92
82.24
83.27
82.98
81.26
79.44
79.02
80
80.84
79.85
77.02
75.06
74.77
75.09
74.46
73
73.89
73.78
73.78
73.78
72.28
75.56
77.57
77.44
77.49
77.63
77.45
77.32
77.19
76.6
76.65
77.44
77.72
76.75
75.02
73.25
71.98
71.24
72.67
75.95
77.11
76.92
76.92
78.42
80.07
80.21
77.47
74.96
76.25
77.93
79.15
81.08
82.59
82.18
80.27
77.81
76.98
79.18
80.92
79.81
76.38
73.32
72.44
70.2
68.97
72.33
75.12
75.26
73.36
71.31
70.98
70.75
70.75
71.74
72.5
71.69
71.95
73.35
74.44
75.85
78.04
79.93
79.46
76.72
76.9
79.23
79.52
78.57
77.87
79.09
80.37
80.91
82.31
83.52
83.58
83.17
82.87
83.66
85.33
86.21
85.22
83.84
83.62
83.05
81.18
78.29
78.29
78.29
78.29
78.29
78.29
78.29
68.84
71.02
72.69
72.78
72.01
70.99
69.26
67.68
68
69.22
71.44
72.77
72.07
73.39
75.31
75.88
77.01
77.97
77.1
74.78
72.59
72.1
73.05
75.1
76.82
77.25
77.56
75.21
71.23
74.34
80.07
82.28
84.49
85.96
85.45
80
74.62
73.34
75.13
78.43
80.69
83.04
84.08
83.88
83.3
82.17
80.65
77.42
73.15
69.74
66.16
63.58
61.38
59.51
59.29
59.29
60.3
61.52
63.15
64.73
64.22
63.71
64.68
65.83
66.87
66.93
65.75
65.73
66.45
68.07
69.8
70.95
72.31
73.37
74.05
74.44
75.21
74.87
73.64
74.53
76.31
77.49
78.31
78.28
77.68
75.71
74.14
75.35
77.72
79.67
80.97
80.51
78.83
77.16
75.81
75.24
77.13
79.51
79.99
80.63
80.63
80.63
80.63
80.63
80.63
72.02
76.92
79.46
81.89
82.72
81.55
80.4
81.02
82.89
84.04
83.03
80.28
78.23
78.6
79.9
80.13
80.66
80.6
79.58
75.75
72.53
72.71
74.49
76.28
74.43
70.99
68.24
66.74
66.45
66.37
66.74
69.61
72.36
72.89
72.18
71.01
71.13
70.98
69.99
69.56
69.72
68.22
67.18
69.73
73.13
75.71
79.36
82.35
83.36
84.05
84.12
83.59
82.15
81.08
81.19
81.64
83.45
85.42
86.06
86.46
86.4
85.45
83.17
80.11
78.54
79.74
82.23
83.82
84.27
84.27
84.27
84.27
84.27
78.57
83.81
85.18
85.91
86.96
86.78
84.9
82.52
82.25
83.92
84.58
82.52
79.11
76.46
76.08
77.24
76.74
71.47
64.52
63.45
65.08
64.13
62.63
63.16
63.75
63.09
62.6
63.13
63.94
65.2
65.66
64.81
64.64
65.06
64.46
63.5
63.77
64.36
66.33
68.14
67.99
68.26
69.05
69.44
69.31
65.97
63.32
67.65
72.23
74.01
74.69
74.72
76.39
77.31
76.65
75.88
74.7
73.42
76.45
80.24
79.88
78.63
77.34
75.89
73.8
72.14
71.05
71.99
76.25
78.43
77.18
74.99
73.05
72.36
73.38
74.85
75.42
75.45
74.61
72.42
70.25
69.27
69.43
70.35
72.09
74.45
76.55
78.46
79.12
78.79
76.7
74.98
76.4
78.15
78.76
78.95
79.79
80.96
80.75
78.81
76.65
74.89
75.54
78.92
80.86
82.16
84.26
85.5
84.54
82.56
80.77
80.61
82.17
84.07
83.6
80.34
76.67
76.69
79.03
78.71
77.08
75.61
74.72
73.38
71.8
74.13
77.39
77.07
72.56
72.56
72.56
72.56
65.75
66.75
67.05
68.06
69.64
70.69
71.28
73.69
76.28
77.26
77.92
77.94
77.54
77.14
76.75
76.14
76.14
76.14
76.14
67.22
72.86
77.2
77.6
76.72
76.24
78.71
80.81
80.08
76.9
77.31
81.05
81.59
81.93
82.5
81.01
78.01
75.49
73.61
74.28
77.5
78.52
77.72
76.93
74.3
71.62
70.3
70.07
71.23
73.66
75.63
75.17
72.86
70.27
70.55
71.67
71.55
73.68
77.44
78.95
78.49
77.66
75.59
73.62
72.9
74.52
77.64
79.89
82.05
83.34
83.5
80.98
77.71
75.72
76.7
80.02
82.54
84.16
84.15
82.87
80.63
78.82
77.83
79.22
81.46
81.67
83.37
85.35
85.25
83.72
81.61
80.49
81.76
84.3
85.6
85.58
83.61
82.12
82.79
83.11
83.24
83.68
81.15
81.15
81.15
81.15
81.15
71.7
75.42
76.38
74.23
70.95
69.42
67.92
66.57
66.51
67.7
67.67
67.24
70.79
74.26
74.26
72.56
70.49
70.28
70.69
71.37
71.4
70.92
71.64
72.66
73.2
74.36
75.79
78.09
80.07
80.53
80.9
80.64
80.03
80.04
81.13
81.74
79.18
76.66
76.67
80.37
83.96
83.64
81.47
77.59
74.97
76.96
79.75
80.7
83.48
84.86
81.86
81.86
81.86
81.86
76.87
80.73
80.76
79.62
77.55
75.19
73.89
74.03
74.78
76.08
77.31
78.81
79.11
77.87
75.61
73.76
73.4
73.57
74.2
75.1
76.39
77.58
78.54
78.75
78.34
77.37
76.58
76.53
76.53
76.97
78.81
80.54
81.21
82.21
83.25
81.67
81.67
81.67
81.67
75.71
79.53
78.3
80.55
82.95
81.88
77.92
72.36
67.8
69.83
76.37
78.77
79.08
78.89
75.17
71.06
69.42
71.09
74.9
75.93
73.87
70.24
67.79
66.88
67.7
69.3
71.7
74.53
76.15
74.44
71.28
69
68.03
68.81
69.97
70.89
70.7
71.93
75.18
78.22
79.48
79.2
78.06
76.92
76.41
76.58
77.21
77.56
77.98
78.54
79.96
80.01
78.4
78.62
78.09
75.91
79.1
83.39
83.72
84.06
81.47
76.9
76.9
76.9
71.3
74.3
75.6
77.75
76.62
71.98
69.25
68.3
68.18
69.48
73.07
75.67
75.84
74.8
72.27
69.42
64.78
60.57
62.17
65.19
66.81
68.51
71.73
73.62
72.55
71.8
71.13
69.79
68.89
69.05
70.01
71.35
73.78
76.88
79.11
80.43
80.2
79.35
78.95
78.85
78.64
78.53
79.36
81.3
83.09
83.41
81.84
81.84
81.84
81.84
77.26
78.67
81.12
83.66
85.23
86.87
88.33
87.61
84.34
83.1
84.73
86.23
85.76
81.92
77.46
72.95
71.79
75.2
77.11
75.98
72.55
68.75
66.29
62.77
59.55
59.34
59.7
61.52
63.69
67.06
69.96
69.04
67.55
66.21
65.41
65.27
67.17
69.58
69.74
69.8
70.79
71.9
72.61
73.37
74.12
74.67
73.7
72.18
72.57
74
75.68
76.17
75.16
73.31
72.47
73.03
73.93
74.79
75.16
77.41
80.21
81.69
82.62
82.85
82.87
81.77
80.33
79.68
79.57
80.54
82.13
84.1
85.54
85.85
85.3
84.16
82.62
80.3
80.45
82.37
83.06
84.25
85.47
85.71
84.26
81.16
78.98
79.36
81.29
82.46
81.39
82.1
84.77
85.89
86.68
85.81
83.78
85.68
89.04
90.22
90.69
90.3
90.24
91.04
91.76
92.35
92.84
92.96
92.27
90.49
90.49
90.49
90.49
90.49
90.49
90.49
90.49
90.49
90.49
90.49
90.49
62.2
61.79
61.41
61.43
61.81
62.3
62.83
63.51
64.18
64.38
64.38
64.38
64.62
66.68
68.85
69.81
71.1
72.13
73
73.53
73.53
75.7
78.57
79.11
78.65
78.14
77.42
76.1
74.77
75.39
76.28
75.7
76.7
78.61
79.92
81.01
81.06
80.06
77.53
75.58
76.19
78.04
79.93
81.79
83.21
83.26
82.03
80.2
79.73
81.51
81.73
79.81
77.98
76.46
76.69
80.36
84.64
86.94
88.9
90.4
91.32
90.95
88.74
84.42
82.06
83.14
84.7
84.82
82.1
76.9
71.1
67.52
69.49
72.86
72.44
72.9
74.9
72.34
68.75
68.23
67.31
66.13
64.13
61.99
61.48
61.86
62.77
63.83
64.22
64.38
66.77
69.17
69.33
70.27
71.78
72.62
72.88
73.26
73.86
74.41
75
75.45
75.64
76.08
76.51
76.78
77.34
78.08
79.09
79.24
78.39
77.9
77.49
77.09
76.92
76.57
75.8
75.88
76.28
75.78
76.63
78.58
79.95
80.2
79.41
78.39
76.85
75.61
78.16
81.2
81.44
81.76
80.03
76.91
75.36
75.17
75.55
78.04
80.95
82
83.05
82.66
80.5
78.37
78.23
80.31
80.7
81.05
83.73
85.23
85.23
84.67
82.16
81.86
84.44
86.03
86.94
86.51
85.08
82.91
81.38
81.32
82.14
82.87
82.31
80.34
76.87
73.97
71.95
71.05
71.73
72.52
73.2
74.42
76.58
78.73
78.5
77.03
76.44
75.28
74.68
75.73
75.97
75.23
75.21
76
77.18
76.94
75.17
72.8
71.81
72.37
73.04
73.21
72.51
72.39
72.72
72.62
73.73
76.35
78.69
79.54
79.19
78.21
77.46
77.59
76.76
76.13
78.34
80.69
81.52
82.37
81.97
80.26
78.19
76.34
76.08
78.97
81.99
82.72
83.16
81.23
77.95
74.97
74.61
76.94
78.39
79.81
81.16
80.3
78.71
78.3
78.12
79.58
82.4
83.55
81.28
77.64
77.64
77.64
75.84
75.84
75.84
75.84
84.28
84.74
86.47
87.51
86.53
84.51
82.82
83.47
85.48
86.19
85.33
81.96
78.99
79.93
81.37
81.15
81.08
79.57
77.08
74.12
71.77
71.09
70.49
70.04
68.71
67.33
66.59
67.51
70.36
72.06
72.17
70.88
69.99
70.49
70.63
70.48
70.78
71.22
71.56
72.13
72.64
72.45
72.32
72.85
73.85
74.93
76.33
78.56
80.66
81.52
81.52
81.37
80.5
79.37
78.92
79.99
81.68
82.43
82.05
81.04
79.83
77.43
75.26
74.66
77.6
80.65
80.69
81.35
80.8
78.64
78.64
78.64
78.64
75.19
77.96
79.04
78.64
77.58
77.09
78.85
82.01
83.07
82.55
82.04
81.69
84.13
87.48
88.26
88.79
88.73
86.88
83.55
80.77
80.47
81.9
82.66
79.97
79.97
79.97
79.97
79.97
79.97
79.97
66.09
69.88
73.41
73.95
71.91
68.9
66.45
64.71
64.99
65.54
66.41
66.79
66.5
66.83
67.43
66.4
65.23
65.22
65.26
65.4
66
67.03
68
68.62
69.42
69.99
69.69
69.61
69.94
72.54
75.94
78.13
79.67
79.86
78.94
76.79
74.85
74.06
73.42
72.36
73.17
75.15
76.53
78.37
79.85
79.2
78.38
78.6
76.6
75.56
77.52
80.17
82.22
82.94
82.38
82.38
82.38
82.38
82.38
72.65
79.97
83.72
84.41
82.36
79.62
75.46
73.26
76.55
80.61
82.55
83.76
82.39
79.34
76.59
76.92
79.37
79.43
76.36
72.67
69.41
67.73
69.47
70.11
68.98
67.63
66.57
66.82
67.47
68.4
69.94
71.61
74.16
76.09
76.04
76.02
76.28
75.27
74.35
74.53
74.14
73.64
73.76
74.01
74.21
75.21
76.49
77.28
79.62
81.84
82.29
82.64
82.17
80.82
79.56
78.63
78.02
77.33
77.18
77.77
80.8
83.98
84.57
83.31
83.31
83.31
83.31
77.43
78.12
80.12
82.73
83.33
79.97
74.94
70.42
68.32
69.75
71.85
73.51
73.46
71.6
68.8
67.45
67.3
68.68
70.09
70.09
70.98
72.52
74.74
76.35
76.26
75.84
75.46
75.38
75.26
75.07
75
74.92
74.74
75.08
75.69
75.99
77.17
78.95
80.83
81.82
81.47
80.74
79.77
79.18
79.19
79.93
81.04
82.69
83.8
83.58
82.89
80.04
76.89
75.19
76.45
79.74
81.17
82.18
82.7
81.6
79
77.13
77.51
79.31
80.96
81.25
81.25
81.25
81.25
81.25
70.94
78.24
81.41
83.7
84.81
83.76
83.74
85.44
86.99
87.72
86.94
85.32
83.45
82.21
82.19
82.62
81.75
77.01
70.02
64.44
61.35
59.7
58.65
58.21
57.99
59
60.78
61.73
62.11
61.96
61.58
62.6
64.05
64.5
64.66
64.95
65.41
66.28
67.77
69.66
72.58
75.13
76.2
76.31
75.92
75.38
75.08
75.26
74.78
74.2
74.99
75.31
74.56
74.8
76.05
77.85
79.49
79.74
78.79
77.46
76.56
76.04
76.29
77.23
78.71
80.33
81.16
81.27
81.08
80.5
77.46
75.69
76.88
78.17
79.97
81.93
82.87
82.87
82.79
82.34
81.65
81.58
83.05
84.08
84.02
84.45
84.45
84.45
84.45
84.45
79.28
80.49
77.21
71.52
71.52
71.52
69.18
69.18
69.18
69.18
69.18
83.34
81.86
82.02
83.52
84.65
84.07
81.19
78
74.9
74.38
77.85
80.21
79.09
75.75
70.5
66.21
64.23
63.41
63.16
63.09
64.18
65.41
66.28
67.36
68.28
68.92
69.07
70.7
72.74
74.1
75.94
77.33
77.95
78.38
78.82
79.4
79.91
80.24
81.66
82.44
81.73
81.26
81.23
81.31
80.73
80.06
79.94
80.31
80.65
80.25
78.58
75.65
73.26
73.58
74.79
75.16
76.86
79.12
80.93
81.41
80.52
79.77
78.5
77.59
77.84
79.25
80.98
82.23
83.06
82.94
82.07
79.41
76.5
74.62
75.81
79.08
80.58
81.08
80.28
77.24
74.39
73.56
76.56
79.36
78.52
80.92
83.75
83.8
83.8
84.12
85.14
87.3
89.25
89.94
90.11
89.69
88.11
87.09
87.48
87.72
87.32
85.14
85.14
85.14
85.14
85.14
85.14
85.14
85.14
85.14
71.85
74.19
73.13
70.68
68.23
66.72
66.03
67.49
68.34
67.12
66.54
66.84
68.32
69.98
69.55
68.55
67.78
67.02
66.57
65.23
63.69
63.29
63.29
65.18
67.19
67.44
67.69
68
68.99
70.28
72.57
75.14
77.22
79.55
80.62
80.23
79.44
78.07
74.75
72.8
73.34
74.46
76.12
77.9
79.13
79.11
78.51
77.28
75.89
74.25
75.13
78.3
80.08
81.35
81.99
79.82
75.6
72.28
72.6
75.33
78.82
80.35
80.17
82.03
83.54
83.56
83.08
81.29
81.08
83.68
86.11
87.58
87.63
86.51
84.12
83.57
85.66
86.71
86.16
84.22
80.48
80.48
80.48
80.48
80.48
71.62
71.01
67.91
65.55
63.99
64.4
64.81
64.13
63.92
65.18
65.55
64.42
65.4
68.04
69.54
70.22
71.65
73.64
75.3
76.68
77.42
77.87
78.12
78.01
77.6
76.88
76.33
76.37
76.65
76.88
77.76
79.19
80.43
79.98
79.05
79.26
78.75
78.12
78.12
79.5
81.07
81.4
82.18
81.93
80.15
80.15
80.15
80.15
76.31
80.55
81.81
82.52
81.78
78.12
74.73
73.91
76.74
79.5
80.05
82.6
85.27
84.95
81.94
76.91
74.12
77.42
81.73
83.43
84.39
83.77
81.33
77.81
78.06
80.19
78.47
72.21
66.08
65.98
67.82
70.75
73.17
73.17
70.26
66.85
66.07
65.63
64.93
64.9
66.34
67.53
67.99
69.93
72.04
72.26