94.9400
96.0000
96.6200
96.4500
97.8200
97.3200
98.6900
98.5300
98.5000
99.0200
99.2500
97.9900
97.7900
97.6000
99.0200
99.6000
99.4400
99.6800
98.6700
97.2200
95.8700
94.6400
94.6400
94.1600
94.5500
92.3900
90.0000
92.7200
93.4800
93.3300
93.0000
93.3700
94.0000
95.2000
94.2000
93.9650
93.9900
97.6100
96.0000
103.9100
105.0000
105.0100
106.9300
106.6400
107.8800
108.8900
112.1100
111.6200
110.8000
109.3400
108.9700
108.9100
109.9500
110.2300
109.5100
110.4200
108.7800
109.7200
108.6500
104.8900
106.0000
105.4700
106.4800
105.2500
105.9300
106.3400
105.5200
104.6100
103.9600
101.9100
102.2400
101.4100
101.3100
100.7800
102.3900
102.3700
100.5800
100.5100
97.6500
96.8600
97.2000
96.0500
93.9800
96.4000
96.3100
96.0000
98.8400
96.6700
95.0200
94.1900
93.7900
95.9200
94.2900
93.1300
96.5200
95.8600
95.0000
95.4200
96.4700
94.7900
93.7900
96.0400
99.9300
101.5200
98.6300
97.0600
95.1000
98.4100
96.2000
97.9600
100.3200
100.5500
98.9700
98.5500
98.6800
100.5600
105.7500
102.6100
107.0100
108.5800
106.9600
107.5900
109.0000
107.2700
107.4000
107.2800
108.9100
112.0200
111.0700
111.9400
112.1800
115.1900
116.0400
117.6400
117.5200
118.9800
115.2900
116.5500
117.0500
118.7500
117.9900
118.2900
119.2100
117.3300
119.2700
119.2000
117.6400
115.7600
114.9200
111.3800
115.2000
116.2600
116.3700
116.9000
120.9600
121.1100
121.8500
123.1300
120.7900
119.8700
120.9900
118.7000
116.9300
115.4000
118.0800
116.7000
114.3300
114.0000
111.3400
110.8000
111.7800
110.9300
111.2900
110.8200
112.7300
110.0000
110.1900
111.7400
110.6300
109.8800
108.0100
109.0700
110.1700
112.8300
113.8500
116.4400
113.2500
113.6300
113.3800
113.6700
112.2100
115.6600
116.2500
115.9300
116.5800
111.7900
110.2700
113.7600
111.6500
108.9700
112.4900
110.0000
110.1800
112.1300
112.1700
112.2500
107.0850
111.1100
94.8700
110.4300
114.0800
116.1000
116.4300
116.0400
114.3200
116.0400
112.5300
117.8100
116.5300
114.5800
115.9700
112.9500
117.4200
121.5000
122.6000
122.3200
123.1500
123.3800
123.0900
125.3200
126.2000
121.9900
132.8500
130.9700
129.0800
127.7400
125.7200
126.0400
125.0300
121.9400
123.8500
124.4800
125.8900
124.9400
126.4300
126.9000
125.5700
125.4600
127.6700
128.8600
127.2100
127.4800
127.4900
127.7100
127.2300
127.7200
127.0300
126.1000
128.1850
129.1800
127.9200
126.7000
128.9000
129.5000
129.5800
130.6600
129.8600
131.2000
131.2300
131.8600
130.3400
132.6000
131.6000
130.0700
130.0000
130.6900
128.3800
129.0700
127.4100
126.1500
125.6000
127.3900
126.6800
124.7700
126.5600
128.1500
129.5000
126.1000
127.5000
130.1600
134.4550
132.3100
130.4900
128.3000
126.9900
128.1000
125.5700
125.5500
126.2800
126.4100
127.0000
128.3700
125.9500
125.8500
125.8500
127.6400
124.4700
125.0300
124.8200
126.0900
124.0500
124.5700
122.7600
126.5400
127.2300
127.1200
128.2500
128.7500
127.0000
125.9000
123.8800
124.4000
122.3100
124.7500
126.4100
127.9600
128.4000
128.5800
129.1000
128.9600
129.2500
130.0000
128.7850
131.5600
132.9400
130.0200
128.6200
128.4800
127.6250
127.4900
127.2800
126.0600
122.7700
120.1700
118.5500
120.0200
120.0200
118.5000
118.5000
118.0500
118.4000
116.3200
117.6250
112.4200
113.7400
112.3000
110.2600
108.9500
107.8400
107.0300
110.0000
109.0400
111.4300
112.6000
112.6700
109.2300
107.2000
106.5400
108.2900
111.3900
112.8200
113.6400
113.7900
112.1000
112.5800
113.2300
112.1600
112.2600
111.8700
107.1200
106.3700
110.7000
110.4600
112.2600
114.4100
110.1900
114.1000
115.9900
115.7700
115.7500
113.5000
118.8100
119.2700
117.9400
119.0700
116.8500
117.5100
114.9100
115.4400
113.9400
114.2700
113.1500
111.8000
109.3800
108.7000
109.0200
108.7500
108.6000
109.1000
109.3600
108.2200
108.0100
106.9590
106.6500
105.4000
104.8500
105.1800
104.0800
102.8400
103.0200
98.3150
97.5000
95.5500
97.9700
100.3900
101.3300
100.6900
101.5400
98.7600
99.4300
99.9500
99.4400
99.2700
100.5900
100.8100
98.6500
98.5300
100.5100
102.1600
100.6000
101.8000
102.2900
101.9300
101.2700
99.8000
102.8100
101.2100
100.4100
98.0100
99.0800
99.3000
98.8000
98.8500
103.1000
103.0600
102.8600
101.5900
101.0200
101.4200
101.7900
100.2900
100.5700
100.4400
99.4100
98.4900
97.9000
97.3300
96.1500
96.0400
95.2700
94.2600
94.9300
94.7500
95.3600
96.3700
94.9000
97.1600
98.4400
99.3300
97.8200
96.8500
97.0350
95.4200
94.6800
94.9900
93.6200
95.0300
96.9700
96.8000
95.8600
95.3600
93.7600
95.4400
96.2700
94.1400
93.6700
93.8650
93.5200
92.1000
90.8200
90.3700
90.2100
90.7500
91.3200
91.8500
92.2900
92.2700
92.3100
91.5100
92.2000
94.0400
94.1300
94.7300
92.7000
649.9000
646.2000
637.4400
628.4600
633.9600
637.9800
627.8500
626.0200
615.8800
607.2500
606.6000
603.8300
604.5100
597.8500
588.6300
594.7000
592.4300
592.0000
587.4900
584.5400
588.2500
595.2500
601.8000
590.1400
592.3400
592.0000
592.6400
593.7400
572.8000
564.5300
568.2100
529.0600
528.3100
525.3400
520.0000
518.0500
520.2700
521.9000
519.0000
530.6800
522.6400
525.1900
528.0200
539.8100
541.3900
542.3800
537.7600
539.2300
538.3200
540.0150
546.5200
541.5000
538.4200
531.9300
529.8900
532.2600
525.9000
527.7000
528.7900
537.4400
534.5100
535.4500
528.3600
531.0900
532.7900
530.9200
531.0000
523.4200
529.0800
517.1400
523.6100
529.3800
523.1500
532.7927
532.9900
544.7500
546.0000
542.4700
534.6600
536.9500
530.6100
518.6600
521.3800
510.0600
506.5600
505.8500
502.6100
495.1800
502.5400
503.9500
508.7600
550.0700
554.0000
549.9400
550.9147
540.9900
551.4800
554.9000
553.5200
538.2200
529.9100
539.8300
546.8000
538.8100
544.3200
537.4500
552.8600
555.6800
554.1700
557.4600
563.8200
568.1000
569.8900
568.0000
545.4300
549.5000
549.7000
555.8100
555.0200
562.8500
562.1415
567.0000
563.5800
560.9001
565.7900
572.6500
565.5000
558.3000
558.0000
549.4800
536.3098
524.1200
521.0200
519.5200
517.6000
519.2300
519.0300
524.9900
526.5800
522.8100
518.0000
517.6700
519.9900
514.5800
519.5800
524.1500
524.5800
521.1000
524.0200
525.0000
519.6100
536.2700
529.0400
531.3150
525.0000
519.0000
526.4050
511.7700
505.9900
499.9800
500.7900
497.5050
489.8300
486.9900
491.3200
484.6400
489.9400
486.5600
483.8600
490.5100
485.6300
478.4500
477.2500
483.7800
486.0000
489.2000
494.8800
496.1000
478.0000
470.7000
463.1800
447.9600
461.0000
469.3402
468.5000
467.0101
506.2000
505.0000
498.4400
500.2500
499.5600
493.1000
492.0000
491.6500
486.0000
498.0000
500.7500
503.2700
504.9800
503.5900
509.7100
504.3400
500.1500
496.4200
497.8800
470.9400
456.8600
458.6400
463.8550
463.8000
468.0200
464.6900
458.0100
455.7527
454.9900
449.9600
440.8000
435.3000
440.7000
438.9300
426.0000
429.4600
433.1000
433.3800
429.7000
426.5200
425.0100
427.6500
422.9500
419.6000
413.6000
420.1100
420.3900
420.8600
409.9600
402.6900
391.3600
399.2500
403.9000
405.7000
407.4000
418.4900
419.3000
431.4000
431.5600
431.4400
435.4000
432.5000
439.5000
435.7400
444.7300
436.5000
445.4700
445.6500
453.2200
450.7300
452.5000
445.6500
440.0000
449.9000
440.8500
435.9500
444.0500
438.1500
431.9100
439.0500
423.2400
439.1600
453.8500
451.5100
457.9700
459.8100
459.0400
464.9700
455.7100
451.3100
441.7800
444.4600
435.1000
420.4500
409.8100
411.2250
393.5400
403.9900
392.6400
387.9700
404.9900
420.2700
421.5700
427.0000
434.1500
433.7200
428.1000
426.3600
424.8500
424.5000
433.7600
431.3700
427.6000
441.9000
449.8200
456.4600
465.4400
464.6900
454.5800
450.2200
457.4200
459.5000
441.4500
437.9300
432.8300
428.4500
435.6000
429.7499
429.8000
424.5000
434.5100
421.4800
427.8000
438.0000
444.0500
448.4300
443.8200
453.8500
449.2500
446.0000
457.6900
461.1000
468.8500
464.5199
467.2100
479.5100
476.5000
474.0000
463.2500
456.4700
444.0500
453.9100
459.1100
456.9800
457.0000
458.5000
437.8250
451.6900
460.0000
508.8100
504.5600
498.5160
510.3100
494.6400
498.3000
502.6800
521.0000
528.5500
522.5000
529.2100
522.0000
536.9650
547.8800
553.8200
510.5300
510.2900
513.5400
519.0000
520.3500
512.4700
530.0000
531.4700
525.0000
508.9300
514.7500
531.1500
547.7700
539.7700
525.0000
553.4000
528.9400
568.9100
581.8000
593.6500
586.7900
590.2150
577.2700
589.5500
575.9000
567.1700
564.2500
571.9100
540.7097
525.2000
537.5300
545.5000
538.9100
554.1500
540.4200
560.6300
573.8350
590.2300
583.5150
595.8900
598.2200
594.8800
609.4300
620.0000
621.4400
631.0000
612.4200
631.0500
639.5900
648.8700
635.3400
632.3500
629.5600
646.5000
639.7400
638.6500
646.8800
665.2000
671.2500
664.8600
661.8100
671.5000
678.7500
664.2900
668.7400
688.2600
686.8600
702.4100
699.1600
700.2600
699.8800
699.3500
689.9550
677.3700
666.8500
665.1100
680.4500
678.0500
673.1700
675.5700
665.7600
667.2500
670.6400
675.2500
674.9773
679.9900
659.5100
666.1100
654.4200
670.8200
650.0100
640.0000
631.2100
631.3000
631.8700
623.3900
618.7100
617.8500
619.3900
622.7700
617.2900
613.6300
602.8400
615.9050
603.2300
590.9200
575.0100
579.7600
574.4600
607.3800
594.4000
613.0300
611.2800
606.5900
610.7900
605.1200
602.9500
600.2400
606.1200
617.9700
605.3000
607.0900
600.5600
594.8800
584.7300
578.0000
571.6700
575.0000
571.3300
577.3000
579.0400
585.4400
588.2100
583.4000
570.9600
571.0000
571.2400
574.5200
574.4600
587.7200
571.6000
577.2900
567.7700
561.2700
561.5000
569.1600
580.7400
569.2000
570.9000
564.5900
575.8700
557.5000
569.5500
534.5000
533.9600
545.3100
554.0500
561.4500
562.5700
565.0000
574.5800
563.7000
569.5800
561.5000
577.0800
590.5000
580.2400
584.9000
597.8000
605.0700
614.2700
615.6350
562.6100
570.6100
591.3800
600.2200
613.7200
578.9400
610.0600
624.1100
625.0000
636.2000
639.9300
626.1300
626.9800
624.3500
627.3000
601.8300
608.7700
612.7800
618.3800
606.1800
599.7900
600.4900
597.7800
602.7400
599.5100
598.3700
584.7200
599.6100
578.0500
557.5400
548.9820
544.2100
534.6900
536.8000
523.6600
545.4200
544.2400
548.1700
541.5600
527.9600
521.3100
519.6700
514.5400
513.0800
506.8800
503.1100
491.5000
514.2600
504.6600
499.5300
490.9600
480.7600
470.5000
465.2500
458.3800
457.3000
455.9000
458.4100
455.5900
445.7100
444.3400
448.3600
454.4400
425.1001
422.6700
427.4900
430.1500
426.9600
424.2000
419.7000
422.2800
422.6800
425.9101
425.5001
419.7700
414.9500
410.0000
409.4000
403.5100
403.4000
406.8900
403.1000
399.6900
397.0000
396.6900
387.7600
382.4700
380.3600
383.3300
386.7000
393.0000
391.6800
392.8500
391.4500
389.9300
392.5100
393.4900
389.8300
382.5400
381.2900
375.8400
372.3500
368.4200
374.5100
371.0200
370.4000
378.9200
383.9800
389.2500
380.8000
383.5201
386.6100
397.0300
396.9700
402.2100
399.9100
402.0300
399.0700
400.0900
397.4100
402.4200
403.0000
407.5600
401.7600
405.0300
396.1800
398.1000
400.0000
401.3500
421.7600
421.7400
416.8300
404.9800
407.3400
392.5700
379.0900
375.7800
373.3300
367.8600
374.5700
380.3700
387.1200
401.9200
400.1900
408.7300
399.8600
400.2800
401.0300
419.6400
415.2500
397.0000
395.5400
391.4300
387.0200
382.1400
375.8900
383.9300
382.4000
385.5600
367.3700
374.7400
385.8200
390.5700
388.2500
388.1800
371.1700
365.0800
373.4700
360.3000
364.5100
362.1700
370.8400
382.3100
381.5200
379.6300
378.0700
370.5200
371.1500
361.3000
361.6900
380.4400
389.4100
390.9800
397.6500
397.7800
387.6400
391.6200
400.5900
400.0000
390.3500
388.3200
386.9500
396.1200
378.0000
365.4300
361.1700
361.0100
358.3300
353.5300
356.3400
353.3400
354.6700
348.9500
343.0000
335.9500
334.7000
336.0400
333.6500
327.5900
331.3700
318.9400
325.1600
316.6800
317.3550
328.9900
326.9000
329.7500
330.0000
327.2000
330.5500
333.2500
331.7800
338.1700
344.8400
343.1800
346.5000
348.8700
341.1000
334.8000
335.9700
333.4300
335.5000
329.9700
339.5600
342.0800
336.4700
332.0000
339.2000
345.6600
346.1200
349.0200
348.8900
347.8600
349.6900
348.4000
348.2600
347.9900
349.7400
346.7800
346.1900
352.2400
353.6200
350.3400
355.0000
343.5100
333.1000
326.1000
333.3000
334.8000
335.0200
330.4900
334.0600
339.9200
338.1000
341.2200
336.9900
344.3100
351.1100
346.3600
350.6400
347.6600
353.1500
348.0700
341.8500
339.2800
342.5600
335.9900
337.1300
336.8300
342.0000
342.1000
353.1800
345.3300
349.1200
354.6900
354.9100
361.4000
360.0700
357.1900
349.9600
355.4700
351.2400
345.2600
344.0200
338.7700
342.1500
358.7100
357.2500
360.8000
359.1900
356.7900
354.7526
357.3900
355.1900
353.6800
347.8900
343.6400
343.8000
344.4500
341.3000
335.8000
344.1700
343.7800
342.9600
336.3300
326.8700
333.7700
336.4300
348.3500
329.5200
345.8900
345.1600
343.2500
344.8800
338.8300
333.9900
334.7194
329.5500
332.4400
325.6400
322.9500
325.4800
326.2200
325.9102
322.8519
325.0000
324.3600
323.0000
321.6000
321.6300
321.0900
320.0000
321.7300
324.3700
319.6500
322.1317
319.6300
323.8000
318.6400
317.0100
317.5300
315.2700
313.5400
315.5000
313.7400
312.0000
310.4500
306.6800
307.9700
305.2000
301.2000
305.7200
308.4600
316.0000
315.0000
316.6400
321.0500
317.2000
317.9900
315.4500
311.3700
307.0000
302.2200
304.2300
307.9500
307.6500
306.8700
309.0900
309.0700
312.3600
309.0000
303.4000
318.4700
307.4400
301.6900
300.2000
295.4100
294.7400
291.7129
290.3362
289.5900
282.0000
281.6000
283.7500
289.0000
287.2300
291.7700
293.9750
292.1000
286.3300
282.7100
283.8600
276.0800
277.6900
270.2400
268.1700
266.2100
265.8200
263.1900
265.0400
259.7800
256.6400
255.0900
251.2623
247.4700
241.8500
240.7600
241.7500
245.4500
238.0400
242.6700
251.7900
249.3900
252.8400
252.3600
250.0800
247.5800
251.6500
246.6900
255.4000
259.8500
261.4800
259.7800
261.7300
262.8400
261.0100
260.4400
255.8925
260.7100
263.6700
260.8700
260.0000
257.0900
257.6800
265.0900
242.9000
249.8800
253.1800
248.2300
249.3800
256.3200
258.5300
256.8900
262.4800
250.4900
251.0000
250.4900
254.3000
256.7100
264.1205
266.9300
270.0600
271.0000
274.5800
272.1600
277.6900
272.2500
270.6000
261.1000
255.6400
255.9600
248.2250
244.8400
251.4700
253.2400
258.2900
258.2100
265.1800
264.5400
259.6900
259.3881
250.6000
250.0800
239.3500
247.2800
232.8200
241.8800
249.5000
256.9800
254.7000
255.1650
263.2200
259.2450
251.8400
250.2500
243.7100
253.8300
253.0300
262.8900
263.8400
269.3100
263.0200
263.2500
267.2700
271.8800
267.9900
258.2400
258.8050
248.5400
247.0300
248.5700
245.7800
245.2800
241.8600
242.2000
241.4300
240.4400
239.7200
238.2000
234.9750
237.4900
235.4900
236.6027
233.0000
228.9500
230.4580
227.6400
225.6400
220.4700
224.7900
224.1000
224.9000
224.1800
225.3800
227.3700
223.9100
223.8295
218.3100
220.0100
214.9400
209.2800
208.9400
209.9300
205.7500
202.3800
197.3800
198.2300
200.0000
202.3400
201.8600
201.6300
204.1900
201.9400
198.1100
194.8800
195.8900
196.4200
195.6900
192.6250
196.7300
195.1700
195.9100
192.3700
201.0800
204.9300
206.8500
205.9500
202.5100
206.7800
212.0800
214.9100
208.3300
210.9300
210.1100
207.8700
209.1900
212.8000
210.3000
211.7500
214.3800
214.6000
213.4300
213.1300
208.8300
212.6300
211.7200
203.5500
201.2500
199.4400
196.0500
193.1700
194.2600
195.1000
195.8300
195.3700
197.7800
199.5000
191.2800
189.3600
193.3200
199.6995
197.4200
198.9600
202.2400
201.1100
199.2200
205.4000
205.3300
203.0000
199.1500
204.6100
206.5400
206.0800
205.4800
202.8700
203.1400
204.5600
201.0200
196.9400
192.5100
192.4000
190.7300
187.8500
189.8000
196.0560
195.0000
197.7100
201.6600
203.6700
205.7000
204.7000
199.5200
200.6000
187.8500
189.3500
189.6300
192.2500
190.6300
191.0200
188.9700
190.6600
189.7600
187.7400
186.2000
181.4100
185.3500
186.1300
186.7300
183.8700
182.0100
187.2000
185.4000
185.1900
184.2900
185.8300
181.9800
177.9900
174.0400
170.8300
172.9100
172.0600
172.7800
172.9800
167.2757
166.4400
164.6200
167.9900
168.1600
172.2700
168.7500
168.9200
169.4599
170.1200
167.6500
164.9800
162.7500
161.6300
163.5500
167.9400
166.6500
162.5500
163.6900
165.6600
165.4900
165.5800
165.7500
164.9300
165.2100
162.9881
161.7000
158.9000
158.8800
160.1700
156.9500
156.6300
157.7900
153.2900
153.2700
149.0800
145.7600
145.0400
142.0300
139.5400
136.3400
137.7600
135.9200
138.4800
138.7000
141.2500
143.5000
142.5800
143.4600
139.7900
135.7500
135.4200
136.4000
140.6700
138.0700
136.1100
136.6700
136.6600
136.0100
138.8100
139.5500
142.2800
143.8100
143.8200
145.3100
140.1300
140.0000
138.9900
136.4700
135.3900
133.4500
131.7800
124.7600
124.0500
125.1500
127.6300
126.8200
123.7300
122.3200
119.7800
123.2100
129.5600
127.3700
129.0400
132.3300
133.3300
131.7500
128.2400
125.8000
126.2200
124.8500
123.3501
122.9000
124.6400
126.6200
122.6300
118.8900
121.7300
121.1800
119.1900
117.2000
119.5700
120.0100
118.4200
115.4300
116.5300
114.9400
114.1900
110.1450
104.0900
105.4500
104.5100
108.2300
107.8300
107.5800
106.3600
102.7100
102.0900
101.9100
99.9100
95.2600
96.4500
96.3000
92.9703
89.9000
84.8700
84.1200
88.3400
90.2500
90.2400
88.8300
89.3100
87.9100
92.0000
89.8600
87.4475
91.6000
89.4000
93.3700
95.0300
96.7900
99.1100
95.8300
96.3500
101.1700
101.1650
97.0000
92.7700
93.2400
91.9200
89.1000
92.6200
93.0900
92.1500
90.1900
88.8800
86.8100
88.0000
79.4500
81.9300
84.3000
80.5600
86.2400
88.2400
90.4600
93.2100
90.4300
91.8100
95.9500
93.1700
85.8800
85.9700
87.4200
86.5200
86.6400
86.1400
86.8700
90.0200
90.1300
89.3100
91.0300
93.9800
95.9900
92.8000
97.3500
97.8700
98.3950
97.2800
90.3500
94.4300
89.4000
90.0300
91.3000
94.7000
89.9200
94.6300
85.2100
81.9300
85.2400
89.4400
89.6400
88.4800
93.7600
89.8700
92.4300
94.8100
100.1700
99.2400
101.0500
108.9100
109.9900
105.9300
107.4000
108.2300
100.8600
95.4300
95.0700
90.3300
96.5100
97.3700
96.9500
99.7800
99.6000
99.7700
103.8400
116.2600
104.5500
85.7000
93.3500
85.9125
100.4800
91.9600
104.0000
108.0100
111.9200
108.2500
119.6200
124.9100
129.8000
127.2700
131.8500
139.9400
142.6000
130.5700
138.4900
133.8600
142.0300
150.9099
148.1800
152.3200
156.8600
164.5700
158.5900
165.8600
166.8400
172.4000
172.9600
175.2800
173.3100
172.7600
176.1500
175.8200
174.4700
174.7725
174.5400
175.5700
179.0400
178.3300
177.9800
173.5200
170.0700
163.8600
162.8900
159.9700
155.5000
156.5800
159.9400
157.7000
157.7100
156.5500
162.1800
160.3700
164.3000
165.1500
148.9000
166.9000
168.2100
174.0900
170.0800
172.3000
175.3700
175.3700
174.9100
180.2500
175.4000
173.0000
169.5900
175.0500
164.0500
170.0400
166.4400
174.1400
174.5000
172.0600
174.7800
176.5500
178.4800
181.0000
178.1700
171.2500
171.5000
181.4500
184.3400
180.3300
184.9200
188.0000
186.2500
184.0000
186.9000
188.5000
187.5000
186.9300
187.4900
182.8000
180.7500
179.1800
185.6100
181.8300
187.9000
190.3000
186.7800
191.2900
188.6000
185.1200
183.1800
183.7500
186.1300
184.5600
181.8100
180.3100
175.0100
176.2600
171.1100
169.7400
170.6000
165.3100
164.0500
167.4100
162.3500
159.0400
154.1800
151.7600
149.4000
146.7700
152.7200
151.1300
153.3100
153.5500
156.1300
152.1900
147.0600
148.7800
146.3000
143.2700
141.8000
144.9500
140.8700
139.9600
134.0100
131.1200
133.1200
129.1800
122.5500
129.8800
124.1000
127.0400
124.1000
121.9800
120.4100
124.4899
123.5800
121.9900
124.4400
129.7500
127.2000
118.2300
117.6400
118.5900
122.4800
126.0500
122.2000
125.9900
126.2700
129.4000
126.6800
130.7000
128.0100
122.0800
119.9700
130.8300
130.4300
134.2100
136.2400
129.4500
131.3700
131.1500
128.1600
138.9900
139.9900
136.1900
148.0600
161.7100
161.5100
165.2300
177.7200
177.5200
176.0000
177.5800
171.3000
180.1400
181.2500
191.4500
195.4100
199.2700
199.5000
200.5900
198.9500
199.0100
195.0300
190.1200
185.4300
182.9800
186.5200
190.7200
190.3700
190.1900
193.4400
194.7500
193.5900
190.5400
186.1900
182.8900
177.1500
181.8600
187.3400
179.4300
176.8200
175.2200
173.5900
172.0000
165.8400
165.6700
166.1000
165.3000
166.3900
177.1600
160.8500
165.2800
171.1500
186.6700
190.6100
187.0500
185.2900
189.2100
188.6000
187.6300
186.1800
185.7000
185.2900
184.8700
185.8100
188.5600
170.3500
174.2400
171.5000
172.6900
165.5400
167.9800
163.0100
169.4900
167.5500
170.2000
163.4900
158.3600
158.0000
157.7800
156.5500
154.6300
153.4400
153.7700
154.4700
146.8400
146.7300
141.1400
140.1500
143.0200
139.0500
138.9900
136.5700
138.8300
135.9900
137.9000
137.0000
132.0100
135.5700
144.9700
139.9400
139.4900
132.6700
129.8800
130.9900
133.3907
130.5300
133.0900
131.2200
122.2100
123.9600
122.0100
117.0100
122.7400
128.2900
128.3300
123.1200
131.1100
136.7600
134.9400
132.9000
135.2600
136.6500
133.6400
142.9700
144.3300
146.1900
145.8700
137.3500
138.8800
143.3100
141.6500
140.3000
138.1900
138.3000
138.3900
135.0300
133.8500
132.0700
128.8800
132.3800
133.1300
128.8000
122.0000
121.0500
121.9700
122.3600
120.6100
123.9800
124.1900
123.8500
121.7000
123.8700
124.6900
123.2800
120.6200
117.2000
121.1500
119.3500
126.0000
125.8250
124.9900
122.3000
121.4100
118.6300
121.1000
120.0700
114.3000
114.4500
112.0000
112.8100
114.0200
112.4900
110.3100
110.2300
107.1500
108.5300
109.5700
109.6200
107.7400
106.6300
104.9100
103.4700
101.0800
100.8000
100.7300
99.6500
99.5900
100.0900
98.1800
101.5800
94.2300
93.9600
91.5850
90.8890
90.1900
90.1600
92.0000
90.5700
90.9000
92.0400
93.9000
93.6700
95.2100
94.1200
94.9400
94.1400
94.1400
94.2800
94.1900
94.8800
95.7100
93.9900
93.3500
93.7300
91.9900
91.3500
90.2400
89.5380
89.9600
88.6000
89.4100
88.0700
88.8000
88.5900
88.0500
87.8000
85.8900
86.7700
84.0300
83.0000
86.3000
89.8400
89.1600
90.8000
85.9800
84.6500
85.2500
85.4400
84.6300
85.1600
84.4300
85.8800
85.4300
84.4800
84.4500
84.3000
84.1200
86.2300
84.8600
86.4300
86.3000
87.1150
87.1110
86.6800
85.7300
89.1400
88.6300
92.1000
97.5600
95.6800
94.5900
95.9400
94.7500
86.4500
85.9600
85.7700
84.0500
86.2900
83.9500
80.2200
78.1500
82.1500
83.4600
84.6956
86.4700
84.7300
87.6250
89.0200
89.0500
87.9500
88.6100
88.9000
87.2300
90.0250
90.6450
91.6550
91.8800
91.8000
92.2150
93.0000
90.3600
92.5100
89.5300
88.9900
87.4200
85.4000
85.1450
84.8700
85.0500
84.8000
83.2200
83.5500
82.9000
80.0200
80.4500
78.9500
79.3600
78.9150
81.1000
81.4500
79.9850
81.7500
81.9000
81.3500
81.2100
79.9900
78.9700
79.2600
74.7500
75.0400
75.1900
75.6300
73.6100
73.4200
74.5400
73.8000
74.4200
74.5300
74.1000
74.4500
75.1000
77.1100
77.0200
77.1700
76.1800
73.8100
74.3000
75.2500
74.3800
74.1000
73.8000
74.6000
73.7200
72.8500
72.8100
72.4300
73.3700
70.6000
71.0800
68.9700
68.4800
67.2800
67.3350
66.9900
68.5000
67.3400
67.8900
68.0000
66.6800
67.3000
67.7100
68.0000
67.1000
65.3400
64.0500
63.2500
63.2500
65.4300
67.0900
67.7200
67.0500
67.9100
67.6500
67.2200
66.8300
63.9400
64.5050
62.0000
61.7800
61.2600
59.8200
60.9600
52.9600
53.1600
51.7300
52.5000
52.0300
55.1700
55.1100
55.7000
55.4800
57.0900
57.1500
57.5200
57.5900
56.7600
57.2900
59.0900
59.1700
59.7200
58.2000
57.7400
57.6100
57.8300
58.9550
57.3000
58.2800
57.6100
58.8300
61.1800
58.4400
60.1000
60.2200
61.1500
62.9900
59.8500
61.7550
63.2900
64.3100
64.2600
62.9900
64.8600
63.8700
63.2600
65.6800
64.7050
68.1000
67.3700
67.7000
70.8000
71.2900
71.8300
72.9900
71.8600
71.2200
71.9500
70.1500
70.7800
69.2500
67.7400
66.6000
65.9700
66.9200
68.4700
69.5000
66.8200
65.0000
66.5100
66.3000
68.1400
69.0300
70.2400
70.9100
68.3000
64.7100
62.1100
63.6600
63.2400
62.8500
59.1300
59.6900
60.2300
60.2700
61.6900
62.2600
64.3000
65.2100
64.7400
66.8900
67.8200
65.7900
65.6100
64.0100
66.0900
66.3600
65.7600
67.6000
69.3300
69.0200
69.0000
71.6000
72.0200
72.1400
71.7800
69.0000
70.6300
70.3100
69.9900
67.3100
65.1100
66.5200
65.1300
69.2100
68.4600
68.3400
72.1600
72.2800
75.3200
75.0000
75.5000
71.2800
72.8900
74.5300
77.3900
78.7600
76.1000
79.2800
81.2500
83.0800
85.7000
84.9900
84.9700
83.8400
76.2500
76.7300
75.2400
74.8300
75.1300
72.3320
70.9100
73.7800
74.4400
74.0000
74.1700
73.9100
72.6000
71.6250
71.1100
72.1400
72.6800
72.5300
74.8500
74.8700
74.2100
73.2000
74.2300
73.9300
71.9500
72.0900
68.9500
68.4300
69.9900
70.7200
67.6600
66.8800
64.8400
64.8200
65.3500
65.5900
63.1500
61.6000
61.5400
61.5400
60.6400
60.0000
59.9500
60.8500
60.3500
60.2600
57.7200
57.2400
55.2000
56.0400
56.9900
56.2800
56.4000
55.2500
56.8400
54.4700
52.0700
53.2500
53.9800
54.0300
49.4400
48.6500
51.2300
51.8400
51.7400
53.2000
54.3300
54.9500
54.1600
52.3300
51.2300
53.0700
53.9200
54.0300
52.1000
51.9500
52.9600
52.9900
51.0500
50.2300
50.0000
51.1800
51.0200
51.1000
50.0400
49.3500
49.0500
46.6900
46.3000
47.0000
46.7900
45.9900
45.2700
46.1100
46.1200
45.6000
45.8500
46.1500
46.2500
46.9100
46.4000
47.3900
46.4800
43.4600
43.3900
44.0000
42.9300
43.0000
42.4900
42.9800
43.1900
42.8900
42.6000
43.5600
43.9600
43.8300
44.0100
43.9900
43.4400
43.7000
42.8600
41.5200
41.4100
40.9700
40.7900
38.2900
38.2300
38.3700
37.8700
36.8100
37.7800
36.6000
36.8300
36.6100
37.2300
37.4900
36.8400
39.0900
38.8300
38.2600
37.7000
37.8500
38.4800
37.1900
36.8700
36.0100
35.8900
37.4000
37.0000
36.6300
37.6000
38.3300
38.1600
40.0500
39.8900
40.6600
40.6400
40.0250
39.5000
39.4500
37.8500
37.2500
35.8000
35.5000
35.1400
34.5600
34.2000
35.4200
35.2400
36.6700
37.2400
36.8900
37.2500
36.1100
36.4000
36.2100
36.1500
36.2900
35.8900
36.7800
36.4900
36.8000
36.4000
37.6600
36.6000
35.0300
36.6200
38.8100
42.9500
42.4900
44.2200
43.7000
42.3300
42.4000
41.2200
40.9900
42.0900
42.4500
41.9900
42.5600
42.7500
42.9500
42.4500
43.7100
43.2900
43.3300
41.5300
41.2100
40.6400
40.5200
40.2100
39.5900
39.6100
41.9000
42.8000
42.7600
44.3400
44.2500
44.9900
44.6800
89.6200
88.4800
86.6900
86.3000
87.7400
90.6500
88.1500
86.6600
83.1600
79.8600
78.7200
81.0000
79.0700
78.9300
78.0900
79.1000
77.9000
77.0500
74.5800
72.6200
72.1600
72.6800
71.4100
70.9800
71.2200
69.6500
70.6000
69.7400
70.2400
73.6500
65.3500
68.2600
69.9000
65.0000
64.6850
64.4700
63.8000
64.7800
64.8900
64.8100
63.8000
63.3000
64.6400
63.7500
64.1900
63.5600
65.4800
66.8300
66.2400
65.2400
65.3350
65.7400
65.0300
62.7500
63.1500
65.9300
64.3100
64.5600
66.1300
67.7900
68.7400
69.0000
65.3500
61.6900
62.2900
58.0400
55.4900
54.3000
55.1900
55.1000
55.0800
55.0100
54.9500
53.9500
54.2000
54.5300
54.9000
55.0300
54.4400
52.4300
52.5000
51.9600
49.9800
48.6600
47.4500
47.1900
47.4000
47.6400
47.1000
48.1000
44.7900
44.9100
43.0300
38.8600
38.5000
38.8000
39.5500
40.5400
39.5000
38.5600
39.0100
39.1500
39.0000
37.9300
37.5000
36.9700
37.4000
37.0400
38.1000
37.7300
36.9000
36.5500
35.2000
35.2000
35.3000
35.8600
35.6600
36.1000
35.7000
35.4000
35.0300
35.5000
34.3000
34.0700
34.0200
34.6100
33.0900
31.9100
31.2600
30.8600
30.7100
31.5100
30.5100
30.6000
30.8800
30.6600
30.4600
31.1000
30.3900
29.8500
30.9000
31.7500
31.1900
31.5000
31.1800
32.6900
32.5000
32.3100
31.7500
30.8500
31.7000
31.3400
32.3010
31.9300
32.0500
32.8500
32.6500
28.8600
29.2500
30.0100
30.2700
30.1300
30.8100
31.2700
30.4500
32.0800
32.5090
32.1000
33.9000
33.0700
33.5200
33.0000
32.3200
33.1000
32.5800
32.5500
30.6200
30.5000
30.6500
30.3200
30.0900
29.9900
29.0400
28.5600
28.7200
28.0300
27.7900
28.0800
28.4800
28.3100
27.5000
27.2500
26.9000
26.6300
27.4000
26.9700
26.7000
27.2500
27.1273
26.7900
26.4000
26.2700
26.5700
26.4100
26.2000
25.9700
26.0000
26.7100
26.4500
26.8200
27.2400
27.5800
27.7000
27.5600
27.6000
28.2100
28.1200
29.0700
29.0000
26.7400
28.0000
27.5000
27.9000
27.6200
27.7400
27.4800
27.7400
26.9000
27.8600
27.8600
27.4000
26.9100
26.1000
25.3000
25.9200
25.3700
25.7000
25.9400
25.9600
26.5500
27.0300
27.3200
27.2600
26.9900
25.9000
26.7900
24.9500
23.9600
23.6000
24.0000
24.0900
22.9600
22.8400
22.2200
22.1400
22.4500
22.5000
23.3100
23.1800
23.1000
23.8500
23.6700
23.0900
22.6200
22.6200
22.4500
21.8200
22.0000
22.3000
22.4600
22.7400
22.6300
22.8400
23.0300
22.4600
22.2500
22.5600
22.7000
22.6700
22.9960
22.9400
24.4000
24.7000
23.1600
23.2300
22.8400
22.1000
22.2500
21.4200
21.5500
21.3500
21.1800
20.9100
20.3500
19.7200
19.9400
19.6500
20.1900
19.9000
20.0800
20.1900
21.4900
21.3200
20.2500
20.4500
21.1700
20.7800
20.9000
20.9400
21.5400
21.6000
21.0400
20.7800
20.8900
21.2300
20.5000
20.3400
20.1000
20.5600
21.2100
21.3500
22.4800
22.0700
21.4800
21.9000
22.4500
23.1900
22.9100
22.8200
23.0700
22.8300
23.3000
23.9900
23.5100
22.5600
22.7500
22.5600
22.7300
22.9400
23.3100
22.6000
23.3800
23.8000
24.8500
24.3200
23.7300
23.5000
23.3000
23.2500
22.0500
21.6700
20.9900
20.8000
20.7500
21.0900
21.4900
20.3000
21.3400
22.2100
22.0200
22.1800
22.8800
22.1000
22.3700
22.2100
22.8100
22.4700
22.2500
22.2500
22.5300
22.4800
22.7300
23.1600
22.8000
22.6600
22.2000
21.3300
20.9100
20.7500
20.7800
21.8100
21.0300
20.1800
20.3700
19.8600
20.0200
20.2100
19.8600
19.7600
19.8200
20.1100
19.7300
20.0600
21.3500
20.5300
21.0000
20.7400
20.7700
20.9900
21.5000
20.4100
21.0400
20.9500
20.8700
20.6900
20.9000
20.1900
19.9700
20.0200
20.0100
19.6600
19.9100
20.2100
19.5200
19.2700
19.0000
19.0300
18.8700
18.6800
19.3000
18.7000
18.8600
19.4700
19.3010
19.3500
19.3500
18.4500
18.4100
17.6000
17.7500
17.5500
17.1500
16.8900
16.9400
17.7400
17.4500
17.3000
17.4400
18.1000
18.1200
18.2900
18.5000
17.9600
18.2100
17.8900
17.7900
18.1000
18.5300
18.5900
18.6000
18.8300
18.4300
18.1500
18.3300
17.7000
17.3300
16.1200
14.7700
14.4600
14.2500
13.9300
13.9800
13.4800
13.4600
13.5200
13.5300
13.1800
13.1300
13.2000
12.9900
13.5900
13.7100
14.0500
14.2000
14.5200
14.5100
14.8500
14.5200
14.5500
14.3600
14.2000
14.3400
14.4000
14.3200
14.5500
14.4100
14.6700
15.0900
14.9300
15.0700
15.0000
14.8900
14.6800
14.4700
14.1700
14.3600
14.5100
14.4700
14.5800
14.6100
14.7400
15.0100
14.8600
14.5700
14.9900
14.6800
14.8600
14.8200
14.8500
15.0700
14.7500
14.6100
14.4100
14.2700
14.5000
14.2600
14.5500
14.3600
14.7100
14.4500
14.4100
14.1900
14.9800
14.2400
14.2400
13.6800
14.2400
14.0500
13.9800
14.2100
14.5600
14.2100
14.5900
14.6900
14.9000
14.5800
14.6200
14.5800
14.7900
15.0300
14.8000
14.3600
14.0000
14.0800
14.3100
14.4200
14.4400
14.1600
14.2900
14.5300
14.8000
14.8500
14.8100
15.1400
15.5100
15.3000
14.7500
14.9400
14.6500
15.0300
15.1800
15.2000
15.9000
15.7900
15.6000
15.8500
16.0300
16.0900
15.9000
15.3000
15.5500
16.1900
16.2300
15.9000
15.5000
15.3200
15.7500
16.0100
16.9400
17.0800
16.7500
16.5000
15.9400
15.9900
15.5500
15.5700
15.5500
14.6900
15.0200
14.6300
14.4700
14.2600
14.0000
14.2100
14.8600
15.2200
14.5500
14.2500
13.6300
13.5400
13.9000
13.9700
14.3600
14.1800
14.3300
14.5900
14.4000
14.4900
15.1000
14.6900
14.4000
14.7600
14.6200
14.7500
14.6900
14.5700
14.1400
14.1300
14.2000
14.3400
14.4100
14.2800
14.5100
14.2200
14.2000
14.4900
14.7300
14.6500
14.8000
15.7100
15.9500
15.9000
16.2000
16.0100
15.9700
15.7800
15.4500
15.2500
14.6700
14.9000
14.9000
15.2500
14.7700
15.0900
14.2100
14.5100
14.7400
15.1100
15.4000
14.8500
14.4800
14.4600
14.9300
14.3300
14.9000
14.7500
14.7000
15.5000
16.1300
18.1500
17.4300
18.5500
17.2600
17.7100
18.0900
18.5200
17.7100
16.8100
17.0300
17.7100
17.1000
16.7900
16.8000
17.4000
16.7700
16.9700
17.1700
17.3700
20.4200
20.2400
19.2400
20.0200
20.4100
21.6400
21.4800
21.7600
22.9600
22.8300
22.8800
23.3900
24.0900
23.7700
23.9200
23.6900
24.9900
24.4500
23.3700
24.8300
24.5700
25.4900
25.0600
25.3700
24.4500
23.5200
24.2900
24.2500
23.2000
22.9400
23.3500
23.5700
23.8100
24.2900
23.8900
23.1600
24.2800
23.5600
24.3000
24.5400
24.8400
25.4900
25.5000
25.9300
25.1500
25.0600
25.0100
25.0300
24.2100
24.5900
24.1600
24.9500
23.6700
24.0500
24.0000
24.7000
23.7000
23.3500
23.2000
24.0700
24.2200
24.3000
24.6600
24.6900
24.9500
24.4600
24.6000
24.3700
24.7400
24.6000
24.7400
24.0600
23.4800
24.1500
23.2600
21.9300
22.1500
23.9400
23.9100
22.8500
21.6600
22.9200
23.2000
23.7600
24.9800
25.0500
24.7300
24.6600
23.9300
24.4100
24.6500
25.6100
25.0900
24.3200
24.9600
24.1600
23.0700
23.2200
23.4000
22.8900
22.9100
23.0400
22.2700
22.0000
21.9700
21.4100
21.3200
21.0100
21.3900
21.2200
22.8000
22.7500
23.7200
23.3400
23.7500
22.0500
22.5100
21.9700
21.5800
21.3500
20.9000
21.0100
21.4000
20.5800
20.8900
20.4000
20.7300
21.4900
21.8700
22.6700
22.2900
22.4600
23.4800
22.3600
21.0500
21.0600
20.4700
20.6000
20.8500
21.2000
19.9400
19.7100
19.6100
19.8200
19.0000
19.2700
19.4500
19.5900
19.0800
18.6600
18.6000
19.6300
19.4600
18.9600
18.8400
18.5200
17.6500
17.7300
17.3800
18.5700
18.8600
18.4400
18.0600
19.1200
18.2100
17.9400
17.2900
18.3400
18.0900
17.9500
17.3100
16.9200
16.1000
16.0500
15.5700
15.4000
15.3500
14.9500
15.4300
15.4900
15.7100
15.2500
15.8100
16.1400
16.1100
14.8000
16.2900
16.5000
16.9000
16.0000
17.0000
17.5000
18.4000
18.2400
18.5000
17.7300
17.7400
18.4400
18.9000
18.6000
18.0000
18.2000
17.9400
18.1400
18.1400
18.0000
18.2700
18.7600
19.2000
19.1000
19.0400
18.9600
19.2600
19.3300
19.0400
19.8900
19.6500
19.0100
19.2700
19.1200
18.7500
18.4800
19.1200
19.3900
20.0900
19.7000
21.2300
21.7800
23.9800
24.8800
24.1300
23.3000
21.0300
22.9500
22.0900
22.7600
23.6000
23.5100
23.6400
23.6600
23.0500
23.8300
23.3400
22.5000
22.4800
21.5500
20.0000
20.8500
20.4100
20.1000
20.0400
21.4200
19.7700
21.0500
21.6500
20.7100
20.9300
20.8000
21.0800
20.1300
19.8000
20.7600
22.3200
23.2000
23.2900
23.7500
24.0000
23.6300
23.3600
24.2300
23.2600
23.3700
22.8900
23.0100
24.2100
24.1400
25.3500
25.6200
24.2400
25.9700
26.3400
25.4100
26.7000
25.2000
25.1700
24.2100
24.3300
24.3400
24.9300
25.5500
21.5700
21.2000
22.0900
21.4200
22.9800
20.9000
20.6900
20.8000
20.6000
19.7600
21.3600
22.0900
22.5500
21.7700
22.0800
21.9400
23.1300
22.0600
20.3700
19.7800
20.7200
19.7500
19.0000
20.8700
18.5000
18.8700
19.6900
20.6200
20.6900
21.3100
20.7200
19.3700
18.3100
17.8100
19.3700
19.2800
19.0600
18.6200
19.0600
18.2500
19.1900
19.0000
19.6900
19.1900
19.9400
19.0600
20.5000
20.5600
20.6600
20.1600
20.5000
21.1200
20.6900
21.5000
21.5600
19.5600
19.5000
20.5600
20.6200
19.3100
19.0600
19.4400
17.8100
17.5600
17.4400
17.8700
16.2500
16.6900
16.8100
16.9400
16.9400
18.1400
14.5000
14.8800
14.6900
14.3800
14.3400
14.8800
14.1300
14.2500
13.7800
14.3800
14.5600
14.5600
15.0300
15.5600
15.2500
15.1900
14.8100
14.4400
14.6300
16.9400
17.1900
17.0000
16.6900
18.0900
18.6900
19.8700
18.8600
18.8100
19.1900
18.5900
19.1900
19.5000
20.0300
19.9400
18.7500
19.3600
19.8700
21.3700
21.5000
22.4400
23.0000
21.1200
19.4400
19.7500
19.1200
18.8700
18.8100
19.0600
20.6900
20.2700
19.0600
19.1600
19.4400
21.6900
22.3100
20.2500
20.3100
20.1200
21.6200
22.6200
22.6900
23.5000
22.3700
24.9400
26.6900
28.1900
49.3100
51.7500
53.3100
52.7500
50.3100
58.5000
59.4100
59.7500
55.2500
57.7500
58.5600
56.7500
57.3400
58.6900
61.6300
59.1300
61.3800
62.6600
61.3100
58.9700
59.0000
57.8800
57.2500
56.5000
54.6700
51.4700
50.6300
50.2500
51.3800
48.3800
46.8800
47.2500
47.5900
46.8400
48.0000
48.1300
47.9400
47.8800
49.4700
45.5600
49.0000
50.3100
49.1600
52.2800
50.0000
49.8400
50.3100
52.5600
54.3600
55.0000
55.1900
58.5000
58.2500
57.1300
58.5000
58.1300
57.0000
54.0900
52.5900
52.5000
53.2500
52.1300
52.8100
53.0600
53.3100
53.7800
52.5000
53.7800
55.7500
50.5000
98.5000
90.5600
93.5000
91.2500
94.6900
91.1900
96.3700
96.7500
97.6200
93.6200
91.9700
93.3100
93.7500
81.7500
86.8700
87.6200
88.0000
88.5000
86.1900
90.5000
93.7500
99.2500
103.0000
103.6200
104.5200
108.0600
106.0000
101.3700
104.0600
110.3100
112.0900
110.8100
115.1200
118.9400
123.2500
124.8700
127.1200
117.1900
126.6200
122.1200
115.0000
123.6900
126.1900
123.5000
109.5000
109.3100
111.5000
119.0000
123.5000
131.6900
127.2500
130.6300
126.4700
132.6300
135.5000
127.4400
133.5600
139.3800
137.2500
137.6300
142.4400
142.0000
132.7800
122.5600
123.5000
120.1200
117.3100
115.6200
121.2200
122.1200
121.6900
120.8700
122.8700
126.4400
126.0000
124.8700
127.0000
118.5600
113.5600
110.1200
114.8100
117.3100
113.2300
110.1200
114.6200
115.1900
117.7500
115.2500
109.3100
113.6200
112.8700
114.1200
114.0000
108.0000
103.9400
100.3100
100.7500
104.0000
101.0000
108.1900
108.8100
110.0000
105.0000
108.4400
114.2500
115.5000
105.6200
101.0000
100.0000
94.4800
95.0000
95.9400
102.0000
96.5000
106.1200
103.7500
108.2500
104.8700
100.9400
102.1900
96.8100
99.1200
104.3700
101.8100
102.8700
98.1900
99.5600
100.8700
98.0000
93.2500
98.3700
102.3900
105.3100
111.0000
116.2500
116.5600
114.5600
112.1900
103.1200
101.0000
98.1200
94.2500
94.7500
93.0000
91.7500
91.7500
89.5000
91.0600
90.6900
90.0000
89.6200
91.9400
91.5900
88.2500
94.3700
87.7500
84.6200
82.0600
81.6200
78.0000
80.0000
78.8100
77.0600
74.3700
74.9400
74.2500
77.1200
72.5600
70.0000
71.6200
73.8700
71.1200
69.2500
66.6200
67.8700
66.0000
66.1900
68.4400
69.3700
65.6200
62.3800
62.1300
59.5600
60.2500
61.5000
66.3700
63.3800
71.1200
69.7500
73.1900
77.0000
77.3100
76.0600
78.8700
74.7200
77.0600
76.0000
75.5000
76.1900
73.7500
71.9400
67.6200
67.0000
62.5900
65.0000
62.7500
61.1300
60.6900
60.3800
59.3800
59.2500
59.8100
60.0600
60.3100
59.8100
60.6300
59.0600
56.0000
54.0000
54.3400
54.0600
53.5000
55.1900
56.7500
55.6300
54.5000
53.3800
53.8800
52.6300
52.8800
52.8100
53.6300
54.0600
54.5600
53.9400
53.6300
55.8800
54.5000
53.5000
55.5000
54.5000
51.1300
47.3800
45.9400
45.5300
46.3100
45.6900
42.7200
42.4400
42.5000
43.6300
45.0600
46.3100
47.0000
45.3800
47.6300
46.3800
45.1900
46.5000
48.1300
47.8800
47.4400
48.7500
48.1300
47.6300
46.8800
44.5000
45.0000
43.3100
43.1900
41.7500
41.5600
43.6300
43.0000
45.4400
45.5000
44.8100
43.7500
45.1300
46.4400
44.8800
44.8800
46.7500
44.6300
46.5600
46.3100
48.2500
46.0600
44.0000
43.2500
44.6300
43.0000
39.5000
36.2500
35.0600
34.0000
33.8800
35.6900
35.8800
35.3800
35.2500
36.3100
35.0000
36.2500
36.8800
38.0600
36.8100
36.0000
36.0600
36.3800
35.0000
33.5000
33.7500
34.3800
33.2500
34.4400
34.0000
35.9400
34.3800
35.9400
35.0000
33.3100
32.3100
32.2500
34.1900
34.3100
33.2500
34.3100
34.5000
34.7500
34.1300
34.8100
36.5000
37.3100
38.8100
38.5600
37.3800
36.2500
37.5600
38.1300
38.8800
39.1300
38.7500
36.8800
37.9400
36.6900
38.2500
40.1900
39.0000
40.3800
41.6900
41.1900
40.8800
41.0000
39.9400
39.2500
37.6900
40.4400
41.0600
41.9400
41.8100
45.5000
42.8800
46.3100
45.7500
46.5600
42.2500
44.1300
41.9400
42.1300
40.5000
40.1300
41.1300
39.0000
39.8800
38.6300
36.3800
35.3800
33.3800
32.9400
33.7500
32.7500
32.8800
32.2500
32.6900
32.6900
33.9400
33.3800
34.3100
36.3100
34.1300
32.0000
34.5600
35.0600
35.8800
36.1300
35.5600
36.4400
35.5000
35.1900
35.7500
35.9400
34.9400
33.1300
35.7500
36.1900
37.6900
37.8800
38.3800
38.5600
37.3800
37.5000
36.8100
36.4400
35.2500
38.0000
36.0600
36.7500
36.8800
36.7500
37.9400
36.6900
37.1300
36.2500
39.7500
38.0600
37.5000
31.7500
31.0000
32.3800
33.6900
34.0000
35.5000
36.7500
38.7500
39.0600
39.7500
38.1900
37.8800
37.2500
37.1300
35.6900
36.0600
36.0600
38.6300
36.7500
38.2500
38.5000
36.2500
38.0600
38.0000
35.5000
35.0000
35.5000
31.3700
34.7500
37.1300
39.2500
39.8800
42.3800
43.4400
40.0000
41.0000
43.5000
42.4400
41.0000
40.6900
39.9400
39.7500
37.7500
36.3100
37.1900
35.0600
33.7500
35.5000
34.2500
36.6300
35.8100
33.7500
34.0600
34.2500
35.3800
34.8100
34.9400
36.1300
36.5600
37.2500
37.8800
33.6900
33.9400
31.9400
32.1900
32.9400
30.7500
30.3700
29.5000
29.6900
28.8700
28.6200
28.2500
28.5000
28.5600
27.7500
27.4400
27.0000
27.3700
27.7500
28.0000
27.6900
27.2500
27.6200
28.1900
28.0000
27.3700
27.0000
26.8700
26.6200
27.1200
26.4400
26.5000
27.5000
26.7500
25.6900
28.0600
28.7500
29.5600
29.6200
28.9400
29.3700
30.0600
30.3700
30.0600
30.5600
30.8700
30.0600
30.5600
29.8700
29.2500
28.8700
27.5000
27.3700
26.9400
27.8700
26.7500
27.7500
27.4400
28.7500
29.0600
27.6200
28.5600
29.2500
27.1900
26.3700
25.6200
25.0600
25.2500
25.8100
27.0000
27.1200
27.3100
27.4400
27.4400
26.7500
26.6200
26.7500
27.6200
26.3700
25.9400
26.6900
26.8700
26.0000
26.5000
27.1200
27.2500
26.1200
25.1200
23.0000
23.7500
23.8700
23.2500
22.8700
21.8700
23.5600
23.3100
22.3100
21.3100
21.3100
20.1200
20.5000
20.8700
19.5600
19.5000
19.1900
19.1200
19.5000
19.1200
18.3700
18.3700
18.2500
18.0600
17.6900
18.5000
18.3100
18.9400
19.1900
19.1900
19.4400
19.3700
18.6900
18.7500
19.0600
19.4400
19.1900
19.8700
18.6200
17.4400
18.1200
17.4400
18.8100
15.9400
16.5000
13.6300
13.1300
13.0000
13.3100
13.0600
13.0000
13.1300
13.8800
13.5600
14.0000
14.3100
14.0000
14.1300
14.7500
14.4400
15.0600
15.5000
15.5600
15.5600
16.0000
16.0600
17.3700
17.6900
17.6200
17.3700
17.6900
17.5600
18.6200
18.1900
17.8700
18.5000
18.8700
18.2500
18.0000
18.0600
19.0000
21.0000
18.8700
18.8700
18.2500
17.7500
17.5600
17.3700
17.0600
18.4400
16.0000
16.7500
18.1200
18.0000
19.0600
18.8700
20.1200
21.1200
21.1200
22.1200
22.6900
22.7500
21.5000
21.2500
21.7500
21.8700
22.1900
22.0000
21.4400
21.6900
22.0000
21.6900
21.5000
21.3100
21.6900
22.2500
22.1200
22.1900
21.5000
22.0000
22.0600
21.8700
22.1900
22.8700
21.7500
21.3100
22.2500
22.6200
22.5600
22.3700
22.0000
21.8100
22.1200
22.3700
22.6200
23.6200
23.4400
24.5000
24.4400
23.6900
23.3100
23.1200
23.6200
22.2500
24.0600
26.3100
27.8100
28.7500
25.2500
19.9400
19.1900
17.6200
17.3700
16.9400
16.4400
16.4400
15.8800
16.1200
16.7500
16.3700
17.5600
17.8700
17.0000
15.8100
15.7500
15.2500
13.3800
12.8800
13.8100
13.8800
13.9400
13.1300
13.2500
13.9400
14.7500
14.6900
15.1300
15.3100
15.4400
15.5000
15.6900
16.0000
16.1200
15.5600
15.8800
16.0600
16.3700
16.3100
16.7500
16.6900
16.6200
16.6200
16.6200
16.7500
17.0000
16.5000
17.1200
17.3700
16.7500
16.6200
16.7500
17.1200
17.0000
17.5000
17.5000
17.7500
17.8700
17.5000
17.2500
17.0000
16.6200
16.8700
17.0000
17.0000
17.0000
16.8700
17.0000
18.0000
17.7500
17.6200
18.5000
18.3700
18.1200
18.6200
19.1200
18.2500
18.6200
19.1200
18.3700
18.8700
19.0000
19.2500
19.6200
19.7500
19.1200
18.5000
17.8700
17.6200
18.6200
17.5000
16.3700
16.6200
16.5000
17.5000
16.0000
16.3700
16.3700
16.2500
16.3700
16.3700
16.2500
16.6200
16.6200
16.7500
17.0000
16.6200
16.2500
16.5000
16.8700
17.0000
17.0000
17.0000
16.2500
16.8700
17.6200
17.8700
16.6200
16.2500
15.7500
15.7500
15.8800
16.1200
16.5000
15.2500
15.2500
16.2500
16.8700
16.6200
16.7500
16.6200
17.0000
17.1200
17.2500
17.2500
17.3700
17.0000
16.8700
16.7500
17.1200
18.0000
18.3700
18.5000
17.6200
17.7500
18.2500
18.1200
17.6200
21.1200
21.1200
21.3700
23.1200
22.8700
23.2500
23.2500
24.0000
22.5000
23.0000
22.7500
22.3700
23.5000
23.7500
24.1200
23.7500
24.8700
25.2500
24.3700
25.0000
25.1200
25.2500
24.1200
24.5000
24.1200
24.8700
25.3700
24.5000
24.8700
24.8700
24.8700
25.0000
25.8700
25.5000
25.3700
26.1200
26.3700
25.8700
25.3700
25.6200
24.5000
24.3700
23.3700
23.2500
23.5000
24.6200
25.1200
24.8700
25.0000
24.7500
25.6200
26.5000
26.5000
27.5000
25.2500
25.7500
24.5000
24.3700
23.8700
23.3700
23.5000
23.0000
22.8700
23.6200
23.6200
22.0000
22.1200
22.2500
22.3700
22.5000
22.3700
22.8700
23.3700
23.6200
23.0000
22.8700
21.5000
20.3700
21.0000
21.5000
22.1200
22.6200
23.1200
23.5000
23.8700
24.1200
24.7500
24.8700
24.8700
24.1200
23.8700
23.0000
23.0000
23.5000
23.8700
22.3700
22.6200
22.6200
22.6200
22.8700
23.3700
22.2500
22.3700
21.7500
21.0000
21.6200
21.6200
22.0000
21.2500
22.6200
22.0000
21.5000
21.1200
20.0000
20.5000
20.8700
20.8700
21.5000
17.3700
17.3700
18.1200
18.3700
18.7500
19.1200
19.5000
19.6200
19.3700
20.3700
21.3700
21.1200
20.8700
20.0000
20.6200
22.1200
22.6200
22.8700
23.3700
23.1200
23.6200
24.1200
24.7500
24.3700
24.5000
24.2500
24.3700
24.0000
25.0000
25.3700
24.0000
25.8700
25.6200
24.8700
26.2500
26.7500
26.2500
26.1200
27.3700
28.0000
27.8700
28.3700
28.2500
27.8700
27.7500
27.1200
26.2500
26.3700
27.2500
26.3700
24.8700
24.1200
24.5000
24.3700
24.8700
25.0000
25.0000
24.3700
24.6200
25.1200
25.2500
24.6200
25.3700
25.8700
25.8700
25.5000
25.8700
26.1200
26.1200
24.8700
23.8700
24.6200
25.1200
25.6200
25.1200
24.2500
24.7500
23.2500
24.0000
25.5000
25.2500
25.5000
25.7500
26.3700
25.9400
26.0000
25.8700
25.8700
26.0000
26.2500
25.7500
26.2500
26.7500
26.5000
27.2500
27.6200
27.5000
28.8700
29.8700
30.0000
29.8700
30.0000
29.3700
28.0000
28.1200
27.6200
28.2500
28.0000
28.1200
27.8700
27.5000
29.7500
29.2500
29.6900
28.8700
27.5000
27.7500
27.0000
29.0000
30.3700
31.7500
32.1300
33.7500
29.7500
31.0000
32.8800
34.3800
34.3800
33.7500
34.7500
32.6300
32.5000
34.6300
34.5000
31.6200
32.3800
32.0000
32.2500
32.0000
32.1300
32.1300
32.5000
32.6300
32.7500
33.5000
32.7500
35.1300
35.5000
38.8800
38.2500
38.6300
39.5000
38.7500
38.7500
39.7500
38.5000
40.1300
38.0000
38.8800
40.1300
39.3800
40.6300
38.8800
38.6300
38.7500
40.2500
40.0000
40.8800
42.0000
41.0000
40.2500
39.3800
39.7500
39.7500
37.7500
36.5000
36.7500
36.8800
36.6300
35.2500
34.8800
34.8800
34.8800
35.2500
35.5000
35.1300
35.2500
35.8800
37.0000
36.5000
36.2500
35.7500
35.0000
35.2500
34.3800
35.3800
36.7500
36.2500
36.6300
38.1300
37.7500
38.0000
36.5000
37.5000
37.7500
38.2500
36.8800
36.5000
37.2500
36.7500
36.3800
37.3800
41.3800
42.8800
44.5000
44.8800
44.7500
44.0000
43.8800
43.5000
43.0000
43.3800
43.2500
43.0000
44.8800
45.8800
45.6300
44.8800
44.3800
44.8800
44.8800
44.6300
44.0000
43.8800
43.0000
42.8800
43.1300
42.6300
43.6300
44.1300
45.0000
44.1300
43.8800
44.8800
45.5000
46.7500
45.5000
46.2500
46.0000
44.0000
43.0000
46.0000
47.0000
49.0000
48.8800
47.3800
47.3800
47.2500
47.7500
48.6300
46.8800
46.5000
46.8800
46.5000
47.2500
46.3800
46.0000
47.3800
48.2500
48.7500
49.0000
47.6300
46.0000
43.8800
43.8800
43.6300
43.8800
44.5000
44.0000
43.6300
43.3800
44.1300
43.6300
42.3800
41.8800
41.8800
42.1300
42.6300
43.0000
43.2500
43.7500
44.1300
42.5000
42.8800
44.1300
43.7500
43.1300
43.1300
40.8800
41.6300
41.5000
40.6300
39.8800
38.7500
38.2500
38.2500
38.2500
38.2500
38.0000
38.5000
37.6300
39.1300
39.0000
37.2500
37.1300
37.5000
38.5000
38.1300
39.2500
38.2500
36.7500
36.8800
37.0000
37.2500
34.1300
35.7500
35.5000
35.1300
34.6300
34.0000
36.2500
37.6300
37.3800
37.8800
36.2500
35.5000
35.1300
35.5000
35.2500
35.5000
38.2500
39.6300
39.6300
39.8800
38.7500
39.8800
39.7500
39.7500
40.1300
39.7500
38.5000
38.2500
40.1300
41.1300
40.6300
42.6300
42.8800
43.1300
43.2500
43.7500
43.5000
43.6300
42.1300
41.0000
40.3800
40.7500
42.0000
40.1300
40.7500
40.5000
40.1300
39.8800
40.8800
39.5000
42.2500
41.8800
47.0000
45.5000
45.0000
44.5000
44.8800
46.1300
46.1300
43.7500
41.2500
41.6300
41.6300
39.2500
38.6300
38.8800
39.3800
39.2500
39.1300
39.2500
38.5000
38.5000
37.8800
39.1300
37.2500
37.2500
38.0000
36.5000
36.6300
36.3800
35.8800
36.8800
37.5000
37.0000
36.5000
36.5000
37.0000
38.3800
38.0000
37.6300
36.8800
37.0000
37.7500
40.0000
40.0000
40.8800
40.7500
42.5000
41.2500
41.2500
41.7500
42.7500
40.6300
40.3800
41.5000
41.7500
43.1300
42.8800
42.0000
42.3800
43.2500
42.6300
41.6300
42.7500
40.7500
41.2500
41.0000
40.6300
40.8800
41.5000
42.6300
39.6300
41.3800
37.1300
36.1300
37.3800
33.6300
33.2500
33.6300
34.1300
33.7500
34.0000
33.7500
33.8800
33.8800
34.2500
34.5000
35.1300
36.3800
35.8800
35.1300
35.6300
35.7500
35.6300
35.7500
36.0000
35.6300
35.2500
35.2500
35.3800
36.0000
35.2500
35.7500
35.2500
34.2500
34.7500
34.8800
34.7500
34.7500
34.7500
34.8800
34.3800
34.7500
34.3800
34.2500
33.6300
33.5000
33.1300
32.8800
33.1300
32.7500
33.5000
33.6300
31.8700
31.0000
31.2500
31.7500
31.1200
31.6200
26.6200
27.3700
28.6200
28.1200
28.2300
29.6200
28.5000
27.0000
27.1200
26.5000
25.8700
26.2500
25.6200
26.3700
26.2500
26.7500
26.2500
25.2500
25.1200
26.2500
26.2500
26.8700
26.2500
26.0000
27.7500
27.0000
27.2500
26.3700
27.1200
25.6200
27.5000
27.2500
27.5000
27.1200
28.3700
28.5000
29.5000
30.2500
31.5000
30.2500
31.0000
31.0000
31.7500
30.7500
29.7500
29.7500
30.0000
29.7500
30.5000
31.0000
31.7500
32.2500
32.2500
33.2500
31.0000
31.0000
30.0000
30.0000
31.0000
31.5000
29.7500
31.2500
28.5000
29.2500
29.7500
30.5000
31.2500
30.5000
32.2500
33.3800
33.5000
33.7500
33.5000
34.0000
33.7500
32.2500
32.5000
32.5000
33.2500
33.0000
34.7500
35.1300
35.2500
35.2500
36.3800
36.7500
36.7500
37.5000
38.2500
38.5000
37.0000
37.2500
36.6300
38.0000
37.0000
36.0000
35.7500
35.2500
36.7500
36.2500
37.0000
37.0000
37.2500
36.2500
36.5000
37.2500
37.5000
36.7500
37.0000
36.2500
36.2500
35.7500
36.0000
33.5000
33.5000
33.0000
33.2500
33.0000
33.5000
34.2500
33.5000
33.7500
34.7500
33.2500
33.2500
29.5000
29.2500
30.2500
31.0000
30.7500
30.0000
32.2500
33.5000
33.0000
32.0000
33.7500
31.7500
30.2500
29.5000
29.7500
28.5000
29.2500
28.7500
27.7500
27.2500
27.2500
28.5000
29.2500
29.5000
29.5000
29.0000
29.2500
28.2500
30.2500
31.7500
32.0000
32.0000
31.5000
31.7500
31.7500
32.0000
31.7500
32.2500
32.7500
32.7500
32.5000
32.7500
33.0000
33.5000
34.0000
32.0000
31.5000
31.5000
30.7500
30.2500
31.0000
32.0000
31.8700
31.5000
33.0000
31.2500
30.7500
31.0000
31.7500
30.0000
29.7500
30.2500
30.5000
27.5000
28.0000
28.2500
28.0000
27.7500
24.0000
24.2500
24.0000
22.7500
23.2500
23.5000
23.7500
23.0000
22.6200
22.7500
24.0000
24.2500
24.7500
25.0000
25.0000
25.5000
24.2500
24.7500
25.2500
24.3700
24.2500
24.5000
24.2500
26.2500
26.2500
26.7500
26.2500
26.0000
26.0000
26.0000
26.5000
26.5000
26.5000
27.0000
27.2500
28.0000
28.2500
28.0000
27.7500
28.7500
29.0000
27.7500
27.5000
26.5000
27.5000
28.5000
29.5000
29.2500
29.2500
30.7500
29.2500
29.0000
28.2500
27.5000
27.0000
26.2500
26.7500
26.7500
27.0000
26.0000
26.0000
26.2500
28.0000
28.5000
37.2500
36.7500
38.7500
36.7500
37.0000
36.5000
37.5000
38.2500
38.2500
39.0000
38.7500
40.2500
40.5000
40.3800
40.5000
41.7500
40.8800
40.5000
41.6300
42.5000
42.2500
45.2500
44.0000
45.0000
43.5000
45.0000
48.7500
54.5000
55.7500
57.0000
56.7500
56.5000
57.0000
57.7500
56.0000
56.7500
56.7500
58.7500
57.2500
54.7500
55.5000
55.5000
55.2500
53.5000
54.2500
55.0000
55.0000
53.5000
54.5000
53.0000
52.2500
51.2500
50.7500
51.5000
49.7500
48.7500
49.2500
49.7500
49.2500
50.2500
48.7500
48.5000
48.2500
48.2500
48.2500
50.5000
49.5000
50.0000
49.0000
50.0000
50.0000
50.5000
51.2500
52.5000
51.1300
52.2500
54.7500
53.7500
52.7500
53.2500
53.5000
55.0000
55.0000
56.5000
57.2500
56.0000
56.7500
57.0000
56.7500
56.5000
55.0000
54.7500
54.5000
54.0000
53.0000
53.0000
54.2500
53.2500
52.1300
55.0000
55.0000
55.2500
55.0000
53.2500
53.5000
55.0000
55.7500
57.0000
57.0000
57.0000
59.2500
60.0000
61.0000
60.7500
59.2500
60.2500
60.0000
61.0000
60.5000
59.2500
60.2500
59.7500
59.7500
59.7500
59.5000
61.0000
64.0000
61.5000
62.7500
62.0000
60.7500
61.7500
60.7500
58.0000
59.5000
58.7500
59.7500
59.5000
59.2500
60.0000
60.2500
59.7500
58.2500
57.5000
55.2500
56.2500
56.7500
57.5000
57.2500
57.2500
57.7500
57.7500
56.7500
57.2500
56.5000
58.2500
57.2500
56.2500
56.5000
57.0000
57.0000
56.5000
58.5000
57.7500
56.0000
57.2500
56.2500
57.0000
57.0000
56.5000
55.0000
56.0000
54.7500
52.5000
52.0000
52.5000
52.5000
53.5000
52.2500
51.2500
51.5000
48.7500
49.2500
48.5000
49.2500
49.0000
49.0000
46.7500
45.7500
45.2500
44.7500
43.2500
43.5000
44.0000
45.0000
43.7500
43.2500
44.5000
44.7500
45.0000
44.5000
45.0000
46.2500
47.2500
46.0000
46.7500
46.7500
45.7500
47.2500
47.7500
49.2500
49.0000
49.0000
48.0000
48.0000
46.7500
48.2500
49.0000
46.5000
46.2500
45.0000
44.2500
44.7500
44.2500
43.2500
44.2500
44.7500
44.7500
44.6300
44.5000
44.2500
45.0000
44.5000
43.7500
44.5000
43.2500
42.0000
44.2500
45.5000
45.0000
46.7500
47.2500
47.2500
46.6300
45.5000
45.7500
44.5000
44.5000
45.2500
45.5000
44.7500
45.0000
47.7500
47.5000
47.0000
45.7500
46.0000
46.0000
44.0000
46.2500
46.5000
49.0000
48.0000
46.7500
45.7500
45.7500
46.5000
45.5000
45.0000
44.0000
46.0000
47.5000
49.0000
51.7500
54.0000
54.5000
53.7500
54.0000
54.2500
55.0000
54.7500
54.2500
56.5000
57.5000
57.2500
59.7500
60.0000
59.2500
59.5000
59.0000
60.2500
59.7500
60.7500
61.5000
61.0000
62.7500
62.5000
62.2500
62.0000
61.5000
61.5000
60.7500
60.5000
59.5000
60.0000
57.2500
54.2500
55.2500
56.0000
57.0000
57.5000
56.2500
57.0000
59.0000
60.2500
58.0000
57.7500
55.5000
57.2500
56.0000
57.0000
61.0000
59.0000
58.7500
59.0000
57.2500
58.2500
61.2500
63.8800
64.7500
65.0000
63.5000
63.0000
63.0000
63.7500
63.2500
63.5000
62.7500
63.2500
63.2500
63.7500
64.0000
63.7500
63.5000
64.5000
66.2500
67.7500
67.7500
68.5000
70.0000
68.2500
66.2500
66.2500
64.7500
62.5000
62.7500
64.2500
63.7500
65.2500
63.7500
63.0000
64.0000
64.2500
65.7500
66.2500
65.7500
64.7500
64.0000
63.5000
64.7500
64.7500
64.7500
64.5000
64.2500
61.5000
64.2500
64.5000
67.7500
63.7500
64.5000
62.2500
62.2500
61.5000
60.5000
58.5000
57.5000
58.7500
60.0000
55.7500
57.3800
55.0000
54.7500
52.7500
52.0000
50.5000
51.2500
51.2500
50.2500
50.5000
50.3800
49.7500
49.3800
49.2500
49.0000
49.0000
49.5000
50.5000
50.7500
52.0000
50.7500
50.5000
51.2500
51.5000
51.0000
51.0000
50.5000
51.2500
51.7500
50.0000
54.5000
54.2500
54.0000
54.2500
53.5000
51.2500
48.5000
49.0000
49.7500
50.7500
51.2500
50.7500
52.0000
51.5000
51.5000
51.7500
53.0000
55.0000
55.5000
55.2500
55.1300
53.0000
52.5000
50.5000
49.0000
48.1300
48.7500
48.2500
48.1300
48.0000
48.0000
50.0000
51.7500
49.2500
49.2500
50.0000
50.2500
50.2500
49.5000
50.0000
49.7500
50.2500
48.7500
47.0000
49.2500
50.0000
51.2500
50.7500
52.7500
51.7500
51.0000
51.5000
52.7500
52.7500
53.0000
53.2500
54.0000
53.0000
53.0000
54.0000
54.0000
52.5000
51.5000
49.5000
52.7500
55.0000
54.7500
52.0000
50.7500
50.5000
50.7500
49.5000
48.7500
49.7500
49.7500
46.0000
46.5000
45.5000
45.2500
45.7500
45.2500
45.2500
46.2500
45.7500
45.2500
44.0000
43.5000
45.5000
46.7500
47.2500
47.0000
47.5000
47.2500
45.2500
43.0000
42.2500
42.2500
42.2500
42.2500
42.5000
42.7500
42.0000
41.7500
42.0000
41.2500
41.7500
42.2500
41.0000
42.7500
42.5000
44.0000
45.0000
46.0000
46.2500
48.2500
49.2500
49.5000
47.0000
47.5000
47.0000
46.2500
46.0000
45.5000
46.5000
45.7500
45.2500
47.2500
48.7500
51.0000
51.5000
52.7500
52.2500
51.5000
50.0000
50.7500
51.0000
48.5000
49.0000
47.7500
48.0000
57.7500
58.5000
58.5000
59.7500
61.7500
62.2500
59.5000
61.0000
62.7500
65.0000
63.2500
61.7500
71.5000
67.7500
68.5000
69.7500
69.2500
71.7500
70.0000
72.5000
69.0000
68.0000
69.2500
70.0000
64.7500
63.5000
64.0000
68.2500
69.2500
66.5000
65.7500
65.7500
66.7500
62.7500
63.0000
64.5000
67.7500
63.5000
64.0000
59.0000
58.0000
57.0000
58.2500
58.2500
57.5000
60.2500
59.0000
61.2500
59.5000
57.5000
57.2500
60.0000
60.0000
61.0000
60.0000
57.5000
57.0000
57.7500
55.2500
55.7500
55.5000
55.5000
53.2500
54.2500
53.2500
52.0000
51.5000
51.2500
51.0000
49.7500
48.7500
52.5000
47.0000
46.5000
46.0000
47.0000
45.7500
44.2500
43.7500
43.0000
43.0000
43.5000
42.7500
43.0000
43.2500
43.2500
44.0000
44.7500
44.2500
41.2500
42.5000
41.0000
39.0000
40.2500
39.5000
39.7500
41.2500
42.2500
41.0000
41.2500
38.5000
37.5000
37.2500
36.2500
37.0000
37.7500
37.0000
36.0000
36.2500
35.2500
36.5000
35.5000
35.7500
36.7500
35.7500
36.2500
35.5000
35.0000
33.0000
33.5000
33.5000
32.2500
30.5000
30.5000
30.5000
29.7500
30.2500
29.7500
30.2500
30.7500
31.0000
31.5000
31.2500
26.5000
25.2500
27.5000
28.5000
28.2500
26.7500
27.2500
28.5000
28.7500
27.0000
26.7500
29.7500
31.0000
29.5000
28.5000
30.0000
30.0000
30.5000
31.5000
32.0000
32.2500
33.2500
33.7500
34.0000
33.5000
34.5000
34.5000
36.0000
37.0000
35.5000
35.5000
37.2500
36.5000
36.0000
37.2500
38.0000
37.5000
36.7500
35.2500
34.2500
37.0000
35.7500
36.5000
38.5000
39.0000
40.0000
40.0000
38.0000
38.7500
40.2500
39.5000
40.2500
39.0000
43.5000
41.2500
42.0000
42.5000
40.7500
41.2500
42.2500
42.0000
42.0000
41.0000
42.0000
40.7500
44.5000
45.7500
46.7500
47.5000
46.7500
46.7500
47.0000
45.0000
43.5000
43.7500
43.8800
44.5000
43.0000
42.7500
40.7500
41.7500
41.5000
42.0000
40.0000
39.8800
39.0000
39.2500
39.7500
40.0000
40.3800
39.1300
37.7500
38.5000
39.5000
39.0000
41.0000
40.7500
41.3800
41.5000
41.6300
40.0000
39.5000
42.2500
41.2500
40.1300
39.5000
41.2500
41.7500
41.7500
41.3800
42.7500
41.3800
41.7500
41.6300
41.0000
39.7500
40.0000
39.7500
39.7500
39.7500
39.2500
39.0000
39.0000
38.7500
40.0000
40.2500
40.8800
41.7500
43.2500
43.2500
43.5000
43.0000
41.5000
41.2500
39.7500
40.2500
41.0000
41.5000
40.5000
40.0000
40.0000
41.0000
42.0000
42.0000
42.5000
41.2500
41.7500
41.2500
42.2500
40.5000
40.0000
36.5000
36.7500
36.5000
37.2500
36.7500
35.7500
35.0000
35.0000
33.5000
33.5000
33.5000
33.5000
34.0000
33.0000
32.7500
34.0000
32.7500
33.5000
34.2500
33.7500
34.5000
34.0000
34.2500
33.5000
33.2500
33.0000
34.7500
34.2500
33.2500
34.5000
34.5000
33.2500
33.0000
34.0000
34.2500
32.5000
33.7500
34.0000
33.7500
33.0000
34.7500
33.5000
34.5000
34.2500
36.2500
37.6300
38.0000
37.5000
37.7500
38.2500
38.0000
35.2500
34.7500
35.0000
35.5000
36.7500
36.2500
35.7500
35.7500
34.5000
33.7500
34.7500
35.7500
36.0000
39.2500
41.0000
42.5000
42.2500
45.0000
45.2500
43.7500
44.5000
43.7500
43.5000
43.7500
44.7500
44.7500
45.5000
45.2500
45.0000
44.5000
44.5000
45.0000
46.5000
46.5000
45.7500
45.0000
44.2500
43.2500
43.5000
44.0000
45.0000
46.2500
45.7500
45.5000
45.2500
45.5000
47.7500
46.2500
48.0000
47.7500
48.2500
46.5000
46.0000
44.7500
48.7500
49.0000
48.7500
49.7500
48.0000
46.2500
44.5000
43.7500
44.2500
44.5000
45.2500
45.0000
44.2500
45.0000
44.7500
44.7500
45.0000
44.0000
44.2500
44.5000
45.0000
45.0000
46.2500
45.5000
44.7500
44.7500
44.7500
44.7500
44.5000
44.5000
44.5000
44.0000
44.7500
44.5000
44.0000
43.7500
43.0000
42.0000
42.2500
41.7500
40.2500
41.5000
40.7500
41.5000
44.0000
44.0000
44.0000
43.5000
43.0000
41.2500
40.5000
39.7500
39.7500
39.2500
39.2500
38.2500
38.2500
39.2500
39.7500
39.7500
40.7500
39.5000
40.7500
40.7500
40.7500
40.0000
39.7500
40.7500
41.0000
41.2500
40.7500
40.5000
41.7500
40.5000
41.0000
42.2500
43.7500
44.0000
43.2500
42.5000
43.0000
44.0000
44.5000
44.7500
49.5000
49.0000
47.5000
46.7500
47.2500
48.5000
46.7500
46.7500
48.7500
48.5000
47.7500
47.5000
48.2500
48.2500
47.2500
45.2500
46.0000
45.7500
44.7500
45.2500
45.2500
46.0000
44.7500
44.5000
43.2500
43.0000
42.0000
41.5000
42.5000
40.2500
39.7500
39.0000
38.5000
39.2500
39.5000
40.0000
40.0000
40.0000
40.5000
40.7500
40.0000
39.5000
38.5000
39.0000
38.7500
38.2500
37.5000
37.2500
36.0000
34.7500
34.5000
34.5000
35.5000
35.0000
34.2500
34.0000
34.0000
34.2500
34.0000
34.2500
35.5000
35.0000
34.5000
35.0000
35.2500
35.0000
35.0000
34.5000
35.2500
35.6300
35.5000
35.0000
35.2500
35.7500
36.2500
36.5000
36.0000
37.0000
36.5000
37.2500
36.8800
36.2500
36.2500
35.7500
36.8800
36.7500
38.2500
38.2500
39.0000
38.2500
39.5000
40.0000
39.5000
37.7500
37.2500
37.6300
38.2500
40.7500
41.7500
41.0000
40.7500
40.5000
40.5000
40.7500
43.2500
43.2500
42.7500
42.2500
42.2500
42.5000
43.0000
42.2500
42.0000
40.7500
40.2500
40.5000
40.2500
40.5000
41.0000
41.0000
41.7500
41.0000
41.0000
40.2500
39.5000
40.0000
38.5000
38.5000
39.2500
39.2500
39.2500
39.0000
39.2500
39.5000
38.2500
37.7500
36.7500
36.5000
36.5000
36.2500
35.7500
36.5000
37.5000
38.5000
38.0000
39.0000
39.0000
38.7500
39.0000
39.5000
38.2500
37.5000
37.2500
36.7500
37.2500
38.2500
38.5000
38.7500
39.0000
38.7500
40.0000
40.2500
41.2500
41.2500
40.0000
39.7500
39.0000
38.5000
39.5000
38.5000
38.5000
38.2500
39.5000
39.0000
40.5000
41.2500
42.2500
43.0000
44.0000
43.7500
43.5000
42.5000
43.7500
43.5000
43.0000
41.7500
41.7500
42.0000
41.5000
42.0000
41.7500
40.2500
41.0000
38.7500
38.2500
39.0000
40.0000
39.5000
39.7500
41.0000
40.7500
40.7500
40.0000
40.2500
39.7500
39.7500
40.2500
42.5000
42.0000
42.5000
41.0000
42.2500
43.0000
42.2500
43.7500
44.0000
44.5000
44.5000
44.7500
44.7500
45.0000
44.5000
43.2500
42.5000
42.7500
42.7500
42.7500
43.0000
43.7500
44.7500
45.0000
45.3800
45.0000
44.7500
44.7500
45.0000
45.5000
45.5000
46.5000
47.1300
46.5000
46.5000
46.2500
46.0000
44.7500
44.5000
45.0000
45.7500
45.5000
44.0000
44.3800
44.7500
45.0000
45.2500
45.2500
45.0000
43.5000
45.0000
44.2500
43.7500
42.7500
41.7500
42.0000
41.5000
40.0000
39.2500
38.5000
39.0000
38.0000
38.5000
39.2500
39.5000
40.5000
41.5000
40.5000
40.2500
39.5000
40.2500
40.5000
41.2500
41.6300
42.0000
41.8800
41.0000
40.7500
41.2500
41.7500
41.7500
41.0000
40.2500
39.7500
40.3800
40.2500
40.1300
39.7500
39.7500
40.5000
41.7500
41.7500
41.7500
40.7500
41.7500
39.5000
39.2500
39.7500
39.7500
40.7500
41.5000
40.0000
40.7500
41.7500
44.0000
44.0000
44.3800
45.0000
46.2500
44.8800
46.0000
45.7500
45.5000
47.0000
46.2500
46.7500
46.7500
46.0000
44.5000
43.7500
43.2500
41.7500
42.0000
42.0000
42.7500
43.2500
41.5000
41.7500
41.6300
41.2500
41.0000
40.6300
41.0000
39.7500
39.0000
38.5000
40.0000
39.5000
41.0000
41.5000
41.7500
41.5000
40.0000
40.2500
40.7500
39.5000
40.5000
40.5000
43.0000
42.2500
43.0000
43.5000
42.7500
42.0000
43.0000
40.0000
44.5000
43.5000
45.0000
46.0000
42.7500
42.5000
42.5000
40.5000
42.2500
42.0000
41.7500
41.7500
40.5000
39.5000
40.5000
37.7500
37.7500
34.5000
34.7500
33.7500
34.5000
33.5000
31.0000
30.2500
33.0000
33.2500
33.5000
33.7500
36.2500
37.0000
36.7500
35.5000
34.0000
36.5000
35.7500
36.7500
37.7500
39.2500
38.5000
37.2500
36.5000
37.0000
38.2500
36.2500
35.5000
38.0000
38.7500
40.0000
34.2500
30.7500
29.5000
34.5000
35.7500
39.2500
38.5000
38.5000
48.2500
52.2500
53.2500
53.7500
54.5000
54.2500
54.2500
55.5000
55.5000
59.5000
58.5000
58.2500
56.7500
54.2500
56.0000
57.5000
56.7500
55.2500
54.1300
50.5000
51.7500
52.0000
52.0000
51.7500
53.0000
54.7500
54.0000
53.2500
50.2500
50.2500
51.2500
52.5000
52.0000
54.7500
52.2500
52.0000
52.2500
53.0000
52.7500
53.0000
51.7500
50.2500
49.5000
49.2500
49.5000
48.5000
48.7500
49.5000
49.5000
48.2500
46.2500
43.2500
42.2500
40.5000
41.0000
41.2500
41.0000
42.0000
42.5000
42.5000
41.5000
43.0000
41.5000
42.0000
43.0000
44.2500
44.0000
43.0000
41.0000
39.0000
38.0000
37.2500
39.2500
40.5000
40.7500
40.0000
40.7500
40.5000
40.5000
40.7500
42.0000
41.5000
42.0000
41.2500
41.5000
40.2500
41.5000
41.5000
79.0000
79.0000
78.5000
78.7500
77.5000
77.7500
78.7500
78.0000
77.2500
77.5000
79.5000
80.2500
79.5000
78.0000
74.5000
75.0000
74.7500
73.0000
75.7500
78.2500
79.2500
78.2500
75.7500
76.0000
77.0000
80.5000
79.7500
80.5000
80.0000
79.5000
79.5000
78.0000
77.2500
75.7500
74.2500
75.7500
74.2500
76.6200
70.2500
71.5000
71.2500
69.5000
66.7500
70.0000
71.2500
68.7500
67.7500
69.7500
71.5000
71.5000
68.2500
63.0000
62.2500
63.5000
67.2500
66.7500
66.5000
67.7500
68.0000
68.2500
65.7500
67.2500
65.5000
63.5000
65.2500
66.0000
67.2500
64.5000
66.5000
67.2500
67.5000
65.7500
67.5000
70.2500
69.1200
69.5000
65.5000
63.2500
60.8800
62.3800
63.5000
66.6200
62.1300
58.6300
57.0000
53.0000
52.5000
52.8800
54.0000
55.0000
55.5000
56.0000
55.5000
54.0000
55.8800
53.0000
50.0000
50.0000
52.5000
48.8800
50.8800
55.0000
48.7500
50.0000
48.2500
44.6300
45.1300
45.5000
44.7500
44.7500
43.8800
43.1300
41.2500
40.3800
41.0000
40.5000
41.0000
41.8800
42.0000
42.2500
42.0000
41.3800
41.1300
42.3800
41.6300
41.0000
42.8800
43.6300
42.3800
42.3800
43.6300
42.6300
42.6300
41.6300
40.5000
40.0000
40.5000
40.1300
38.0000
36.2500
35.2500
34.8800
35.1300
36.3800
35.2500
35.5000
36.5000
35.7500
35.5000
35.8800
36.0000
36.6300
35.7500
34.8800
34.7500
34.2500
33.5000
33.5000
34.0000
33.5000
33.1300
32.5000
32.7500
33.0000
33.5000
33.7500
33.3800
33.5000
34.6300
33.1300
32.8800
32.7500
32.8800
34.0000
33.7500
34.3800
33.7500
33.3800
32.8800
33.6300
34.1300
35.1300
36.1300
35.2500
33.5000
33.7500
34.2500
34.8800
33.1300
32.2500
32.5000
34.6300
35.6300
34.6300
35.0000
35.6300
35.0000
34.7500
37.1300
37.6300
37.0000
36.6300
36.3800
36.5000
35.8800
36.1300
35.2500
35.1300
35.7500
36.1300
36.0000
34.2500
33.3800
31.8700
31.8700
31.1200
32.1300
31.6200
31.3700
31.1200
30.5000
31.2500
32.2500
33.8800
33.1300
34.2500
34.6300
33.5000
33.0000
32.2500
33.5000
35.5000
35.0000
37.1300
35.3800
34.7500
34.2500
35.2500
37.6300
36.1300
35.3800
35.8800
35.8800
36.2500
35.8800
35.0000
34.7500
36.0000
35.0000
34.2500
34.2500
35.8800
36.3800
36.0000
36.1300
36.0000
36.0000
37.7500
38.8800
38.7500
37.8800
37.1300
37.0000
37.0000
37.2500
36.8800
37.0000
36.7500
37.0000
35.3800
35.6300
36.0000
36.0000
36.8800
36.0000
36.3800
33.3800
33.0000
31.5000
32.6300
32.2500
30.5000
30.2500
30.2500
31.2500
32.0000
32.2500
31.3700
29.6200
29.8700
30.3700
29.8700
29.0000
28.2500
27.3700
26.8700
27.0000
27.2500
27.1200
27.6200
27.2500
26.7500
27.0000
27.2500
27.2500
28.2500
28.2500
28.2500
27.8700
26.7500
27.6200
28.2500
28.0000
26.8700
26.0000
26.0000
24.7500
24.7500
24.8700
24.6200
24.7500
25.3700
25.2500
24.6200
24.6200
25.0000
25.6200
26.0000
26.3700
25.7500
25.2500
25.1200
25.0000
23.8700
23.7500
23.8700
24.0000
23.8700
23.8700
24.0000
24.1200
23.7500
23.7500
23.8700
23.1200
23.0000
23.5000
22.2500
22.1200
22.6200
23.0000
23.3700
24.0000
23.8700
24.0000
24.5000
23.8700
23.2500
23.0000
22.7500
22.6200
22.8700
23.0000
22.2500
22.3700
22.2500
22.0000
22.2500
22.3700
21.7500
21.7500
21.8700
22.3700
22.5000
22.2500
21.3700
20.8700
20.0000
20.0000
19.8700
19.5000
19.3700
19.7500
20.1200
20.5000
20.1200
20.2500
20.1200
20.0000
19.3700
19.1200
19.0000
19.0000
19.0000
19.2500
19.8700
19.8700
20.0000
20.0000
19.8700
20.0000
20.5000
20.5000
19.6200
19.2500
18.7500
18.7500
18.6200
19.0000
19.0000
18.0000
18.0000
18.3700
18.3700
18.0000
18.0000
17.7500
18.2500
18.2500
18.0000
17.0000
16.6200
16.0000
15.8800
15.1300
15.1300
15.0000
15.5000
15.6300
15.7500
15.7500
15.8800
15.8800
15.8800
16.5000
16.8700
16.8700
17.0000
17.0000
16.2500
15.2500
15.7500
16.1200
16.1200
15.5000
15.3800
15.2500
15.0000
14.8800
14.8800
15.0000
15.0000
15.2500
15.2500
15.2500
15.1300
14.8800
15.2500
15.2500
15.2500
15.0000
14.6300
14.6300
15.2500
15.2500
15.2500
15.2500
15.1300
15.2500
15.3800
15.7500
15.8800
15.8800
16.2500
16.2500
16.6200
16.6200
16.6200
16.5000
16.8700
17.3700
17.3700
17.6200
17.6200
17.7500
17.8700
18.0000
18.0000
18.0000
17.6200
17.6200
17.6200
17.5000
18.1200
18.1200
18.3700
18.3700
18.1200
17.5000
17.2500
16.1200
15.7500
15.6300
15.2500
14.8800
14.8800
15.7500
16.1200
16.1200
16.3700
17.0000
17.0000
17.2500
17.2500
17.0000
17.6200
17.6200
17.1200
17.8700
19.7500
20.5000
20.7500
21.2500
21.7500
21.3700
21.3700
20.0000
20.0000
20.2500
20.0000
20.0000
19.8700
20.0000
20.0000
19.2500
20.6200
21.2500
21.2500
21.8700
22.0000
22.0000
22.1200
22.1200
22.5000
22.8700
22.8700
22.6200
21.6200
21.3700
21.3700
21.3700
21.0000
19.6200
20.8700
21.0000
21.0000
21.6200
22.1200
21.8700
21.8700
22.5000
22.5000
22.2500
22.6200
22.6200
22.2500
22.8700
22.8700
21.7500
21.7500
23.0000
23.0000
22.2500
22.1200
24.6200
25.8700
25.8700
25.2500
24.7500
25.1200
26.7500
27.2500
27.6200
26.8700
26.8700
27.6200
27.8700
27.6200
28.3700
29.7500
30.5000
30.5000
29.8700
30.0000
30.0000
29.5000
29.2500
29.0000
29.8700
29.8700
30.2500
30.2500
29.0000
29.6200
30.1200
30.1200
29.2500
28.1200
30.2500
30.2500
30.6200
30.6200
30.0000
30.0000
28.7500
28.2500
28.3700
28.3700
28.3700
29.1200
29.1200
27.7500
27.7500
27.6200
27.5000
27.3700
27.5000
28.6200
28.6200
27.0000
25.7500
25.7500
26.3700
26.7500
27.2500
27.3700
27.3700
26.1200
24.8700
24.7500
25.3700
25.8700
25.8700
24.6200
24.0000
23.3700
23.1200
22.6200
23.2500
23.7500
23.7500
23.7500
24.1200
24.1200
24.7500
25.7500
26.2500
26.2500
24.8700
25.0000
25.0000
25.0000
25.0000
24.7500
25.2500
26.2500
26.2500
26.0000
25.6200
25.6200
25.6200
24.8700
24.0000
24.0000
23.7500
23.8700
24.6200
24.8700
24.8700
25.3700
25.3700
25.1200
24.7500
25.0000
25.7500
25.7500
26.1200
26.5000
26.8700
27.1200
27.1200
27.6200
28.6200
28.6200
27.6200
27.5000
26.8700
26.6200
26.5000
26.5000
26.2500
26.2500
26.5000
27.0000
27.5000
28.2500
27.8800
28.1200
28.1200
28.0000
28.5000
27.3800
27.5000
28.1200
27.8800
28.7500
30.0000
28.5000
29.7500
28.5000
29.6300
29.2500
27.3800
24.1200
25.0000
25.5000
25.5000
27.1300
27.2500
26.7500
26.7500
25.1200
25.3700
25.3700
25.3700
25.7500
25.7500
26.3700
26.6300
26.5000
26.8700
26.2500
25.1200
24.7500
25.2500
25.6300
26.5000
26.3700
25.2500
26.0000
27.2500
28.6200
29.0000
30.2500
29.3700
29.6300
29.0000
28.8700
29.7500
29.2500
28.6200
28.6200
28.7500
29.0000
27.8800
29.1300
30.3700
29.3700
29.0000
29.3700
29.5000
29.3700
30.2500
30.8800
31.8800
29.7500
29.1300
30.5000
31.8800
31.6200
32.1200
33.1300
33.1300
32.8700
31.2500
30.1300
31.6200
33.0000
33.2500
31.7500
30.1300
29.7500
27.7500
27.8800
28.3800
28.2500
28.0000
27.5000
26.7500
25.7500
25.7500
24.5000
24.7500
24.0000
23.5000
24.1200
24.5000
25.0000
24.8800
24.7500
25.3700
25.5000
25.1200
25.7500
25.5000
25.5000
26.0000
26.0000
26.2500
26.5000
26.7500
26.6300
27.0000
27.3800
26.5000
26.8700
26.5000
25.7500
26.7500
27.2500
27.0000
26.2500
25.5000
27.0000
27.1300
26.8700
27.3800
26.2500
25.0000
25.3700
25.1200
25.6300
24.2500
24.3800
23.6300
23.2500
24.1200
23.2500
24.5000
24.8800
24.6200
24.7500
24.7500
26.1300
27.6200
27.0000
27.2500
28.8700
28.6200
29.0000
28.7500
28.6200
27.8800
27.2500
27.8800
28.0000
27.6200
26.2500
27.7500
28.2500
27.8800
25.7500
24.3800
24.3800
25.0000
24.7500
24.6200
24.7500
24.2500
23.3700
24.0000
24.7500
24.3800
23.3700
22.5000
21.5000
21.6200
21.5000
21.0000
20.5000
20.3800
19.8700
20.2500
20.3800
20.7500
21.0000
20.5000
20.3800
21.5000
21.5000
20.6200
20.5000
20.0000
19.7500
19.7500
20.0000
19.6300
19.2500
17.8800
19.5000
21.1200
21.8700
23.5000
23.0000
22.6300
21.1200
21.1200
20.1300
21.2500
21.1200
19.8700
20.3800
21.5000
19.3700
20.7500
22.7500
23.0000
21.7500
19.3700
19.7500
20.1300
22.2500
22.5000
22.8700
23.1300
23.1300
22.7500
22.8700
23.5000
24.8800
25.8700
31.5000
32.1200
32.0000
29.3700
30.1300
31.6200
32.0000
30.6300
30.6300
31.7500
34.6200
39.2500
38.7500
36.3700
37.2500
33.1300
31.2500
30.8800
30.5000
30.2500
31.7500
33.6300
33.7500
33.5000
33.1300
33.8700
34.3800
33.5000
33.7500
34.2500
34.3800
34.0000
33.8700
33.2500
34.8800
34.3800
34.5000
34.8800
34.0000
36.2500
39.1200
43.1300
43.7500
43.3700
41.2500
43.7500
44.2500
44.3700
46.0000
46.1200
46.3700
47.5000
46.2500
46.7500
47.3700
47.2500
49.2500
48.8800
49.1200
46.8700
50.3700
53.2500
53.6300
55.1300
53.8700
53.3700
56.1200
57.2500
54.6300
55.8800
57.2500
59.2500
59.5000
59.8800
60.6300
62.7500
61.3700
58.5000
58.1300
57.7500
59.2500
59.3800
60.0000
60.5000
57.5000
56.8700
54.1300
52.5000
51.8800
51.7500
53.1200
52.8800
53.3700
54.7500
54.3700
55.1300
54.8700
51.5000
48.5000
49.0000
50.5000
50.0000
49.5000
50.0000
48.6200
51.0000
52.0000
51.2500
46.5000
47.0000
46.0000
45.0000
44.0000
42.5000
41.6200
39.3700
39.6300
40.0000
40.3700
41.1300
42.2500
44.2500
43.7500
42.6200
43.0000
43.1300
42.3800
44.5000
44.0000
43.0000
42.3800
42.0000
42.0000
41.3800
42.2500
43.0000
43.6300
42.3800
43.5000
44.6300
45.2500
46.7500
46.3700
45.6200
46.7500
48.1300
47.2500
46.5000
45.6200
44.0000
44.5000
45.3800
46.2500
46.5000
45.3800
42.2500
41.8800
42.2500
44.0000
44.6300
42.8700
41.7500
40.8700
41.0000
40.7500
38.1200
37.0000
35.2500
37.3700
37.3700
33.6300
33.3700
34.1300
33.0000
30.8800
30.7500
29.5000
28.7500
27.5000
29.1300
30.2500
30.1300
28.5000
29.8700
30.0000
31.3800
32.5000
32.7500
32.0000
31.1200
30.3700
30.0000
30.1300
28.7500
28.2500
28.3800
28.6200
29.0000
31.0000
32.6300
33.8700
33.5000
31.7500
32.1200
32.5000
31.8800
28.8700
29.0000
29.5000
28.8700
28.5000
30.8800
31.3800
31.3800
30.0000
31.6200
32.3700
33.0000
31.0000
30.0000
28.8700
30.1300
30.7500
30.7500
28.6200
27.0000
25.3700
25.1200
25.1200
24.5000
24.3800
25.8700
26.0000
25.3700
24.0000
23.5000
23.0000
23.5000
23.5000
23.2500
24.0000
23.5000
21.8700
20.3800
18.8700
18.7500
18.5000
18.5000
18.3700
18.3700
18.3700
18.1200
18.2500
18.7500
18.7500
18.2500
17.8800
17.8800
18.3700
18.8700
18.8700
18.2500
18.1200
17.7500
18.0000
17.5000
18.3700
18.2500
17.6200
18.0000
17.1200
17.0000
17.7500
17.2500
16.1300
15.3700
14.7500
14.3800
14.2500
14.2500
13.3800
13.1300
13.2500
13.2500
13.1300
12.3700
12.3700
12.5000
13.0000
13.1300
13.8800
13.5000
13.3800
13.0000
13.5000
13.6200
14.2500
14.3800
14.2500
14.2500
13.3800
13.2500
12.7500
12.5000
12.3700
11.6300
11.3700
11.1200
11.5000
11.6300
12.1300
12.7500
12.7500
12.8700
13.2500
13.3800
13.7500
13.7500
13.3800
12.8700
13.1300
13.2500
13.3800
13.3800
13.3800
13.3800
12.8700
12.8700
13.1300
13.1300
13.2500
13.7500
14.0000
13.8800
14.0000
14.1200
14.3800
14.3800
14.3800
14.2500
14.1200
14.1200
14.2500
14.5000
14.8700
15.2500
15.2500
15.6300
16.1300
16.2500
16.0000
15.7500
15.7500
15.2500
14.7500
14.6200
14.7500
15.3700
15.7500
15.3700
15.5000
15.7500
15.8700
16.7500
16.8800
16.3700
16.1300
16.1300
17.5000
17.5000
17.5000
17.7500
17.7500
17.7500
17.7500
16.8800
16.8800
16.6300
16.3700
16.6300
16.7500
17.7500
17.8800
16.6300
15.2500
14.2500
15.0000
15.2500
15.3700
16.2500
16.3700
16.5000
16.5000
16.7500
18.1200
18.3700
18.3700
18.3700
18.2500
18.3700
18.3700
18.3700
18.6300
18.8700
18.8700
18.6300
18.5000
18.7500
18.6300
18.7500
18.5000
18.6300
19.7500
19.8700
20.2500
20.2500
20.3800
20.3800
20.1300
19.5000
19.6300
20.2500
20.7500
20.6200
20.2500
20.1300
20.3800
20.0000
18.7500
18.0000
18.1200
18.7500
19.8700
19.2500
20.7500
21.1200
22.1300
22.1300
22.1300
21.2500
21.1200
21.8700
21.8700
22.2500
22.0000
22.8700
21.1200
19.5000
18.6300
18.3700
18.8700
18.8700
18.8700
19.0000
19.1300
19.0000
18.6300
18.7500
18.6300
18.7500
18.8700
18.3700
18.1200
18.3700
19.0000
18.8700
18.8700
18.2500
18.0000
18.2500
19.5000
18.8700
18.3700
18.2500
18.0000
18.0000
19.3700
19.8700
20.0000
20.0000
19.8700
20.0000
19.3700
19.0000
19.1300
19.6300
19.6300
19.6300
18.6300
18.3700
18.5000
18.2500
19.2500
19.2500
18.6300
18.5000
17.8800
17.0000
17.0000
16.5000
15.2500
15.2500
15.1300
14.3800
14.5000
16.5000
16.7500
17.0000
17.8800
17.7500
17.7500
18.2500
18.6300
19.1300
19.7500
19.8700
19.7500
19.8700
20.5000
20.8800
21.7500
21.3800
20.1300
20.1300
19.1300
19.1300
19.3700
19.0000
20.3800
21.6200
21.6200
21.8700
22.3700
23.1300
23.3700
24.1200
24.7500
25.2500
25.3700
25.8700
25.1200
25.0000
25.0000
24.6200
23.8800
24.2500
25.0000
24.0000
23.2500
22.8700
24.1200
24.2500
25.8700
25.0000
24.3800
23.7500
22.7500
22.3700
24.2500
26.1300
25.1200
25.1200
25.7500
25.8700
26.1300
28.3800
29.3700
29.5000
29.1300
29.6300
29.2500
30.3700
31.2500
31.3800
31.8800
32.5000
32.6300
32.8700
31.5000
31.1200
30.6300
31.7500
32.1200
31.5000
31.6200
33.1300
33.1300
33.0000
33.0000
31.3800
31.3800
30.0000
28.3800
27.6200
28.0000
27.5000
27.1300
27.3800
27.3800
27.5000
28.0000
27.7500
27.5000
28.2500
28.3800
28.3800
28.3800
28.0000
28.3800
28.8700
29.2500
29.2500
28.5000
27.5000
25.7500
25.1200
26.6300
27.8800
27.8800
27.8800
27.5000
27.0000
25.8700
26.1300
26.5000
26.3700
24.3800
24.7500
24.7500
24.8800
25.7500
26.3700
26.7500
26.7500
25.7500
25.6300
25.7500
24.2500
23.1300
22.3700
22.5000
21.8700
22.6300
23.7500
25.8700
26.0000
26.1300
26.3700
26.6300
26.5000
25.6300
25.2500
24.0000
24.6200
24.3800
25.7500
27.2500
26.1300
25.7500
26.2500
26.5000
27.2500
27.5000
28.7500
28.6200
28.6200
27.6200
26.7500
28.5000
30.0000
31.1200
32.2500
32.3700
32.8700
32.8700
32.5000
32.0000
32.8700
31.1200
31.2500
30.6300
30.6300
31.8800
31.8800
30.3700
31.0000
32.3700
33.8700
34.5000
34.2500
35.2500
36.0000
35.5000
32.5000
30.8800
29.6300
28.2500
26.6300
25.8700
25.3700
27.3800
28.7500
