94.940
96.000
96.620
96.450
97.820
97.320
98.690
98.530
98.500
99.020
99.250
97.990
97.790
97.600
99.020
99.600
99.440
99.680
98.670
97.220
95.870
94.640
94.640
94.160
94.550
92.390
90.000
92.720
93.480
93.330
93.000
93.370
94.000
95.200
94.200
93.965
93.990
97.610
96.000
103.910
105.000
105.010
106.930
106.640
107.880
108.890
112.110
111.620
110.800
109.340
108.970
108.910
109.950
110.230
109.510
110.420
108.780
109.720
108.650
104.890
106.000
105.470
106.480
105.250
105.930
106.340
105.520
104.610
103.960
101.910
102.240
101.410
101.310
100.780
102.390
102.370
100.580
100.510
97.650
96.860
97.200
96.050
93.980
96.400
96.310
96.000
98.840
96.670
95.020
94.190
93.790
95.920
94.290
93.130
96.520
95.860
95.000
95.420
96.470
94.790
93.790
96.040
99.930
101.520
98.630
97.060
95.100
98.410
96.200
97.960
100.320
100.550
98.970
98.550
98.680
100.560
105.750
102.610
107.010
108.580
106.960
107.590
109.000
107.270
107.400
107.280
108.910
112.020
111.070
111.940
112.180
115.190
116.040
117.640
117.520
118.980
115.290
116.550
117.050
118.750
117.990
118.290
119.210
117.330
119.270
119.200
117.640
115.760
114.920
111.380
115.200
116.260
116.370
116.900
120.960
121.110
121.850
123.130
120.790
119.870
120.990
118.700
116.930
115.400
118.080
116.700
114.330
114.000
111.340
110.800
111.780
110.930
111.290
110.820
112.730
110.000
110.190
111.740
110.630
109.880
108.010
109.070
110.170
112.830
113.850
116.440
113.250
113.630
113.380
113.670
112.210
115.660
116.250
115.930
116.580
111.790
110.270
113.760
111.650
108.970
112.490
110.000
110.180
112.130
112.170
112.250
107.085
111.110
94.870
110.430
114.080
116.100
116.430
116.040
114.320
116.040
112.530
117.810
116.530
114.580
115.970
112.950
117.420
121.500
122.600
122.320
123.150
123.380
123.090
125.320
126.200
121.990
132.850
130.970
129.080
127.740
125.720
126.040
125.030
121.940
123.850
124.480
125.890
124.940
126.430
126.900
125.570
125.460
127.670
128.860
127.210
127.480
127.490
127.710
127.230
127.720
127.030
126.100
128.185
129.180
127.920
126.700
128.900
129.500
129.580
130.660
129.860
131.200
131.230
131.860
130.340
132.600
131.600
130.070
130.000
130.690
128.380
129.070
127.410
126.150
125.600
127.390
126.680
124.770
126.560
128.150
129.500
126.100
127.500
130.160
134.455
132.310
130.490
128.300
126.990
128.100
125.570
125.550
126.280
126.410
127.000
128.370
125.950
125.850
125.850
127.640
124.470
125.030
124.820
126.090
124.050
124.570
122.760
126.540
127.230
127.120
128.250
128.750
127.000
125.900
123.880
124.400
122.310
124.750
126.410
127.960
128.400
128.580
129.100
128.960
129.250
130.000
128.785
131.560
132.940
130.020
128.620
128.480
127.625
127.490
127.280
126.060
122.770
120.170
118.550
120.020
120.020
118.500
118.500
118.050
118.400
116.320
117.625
112.420
113.740
112.300
110.260
108.950
107.840
107.030
110.000
109.040
111.430
112.600
112.670
109.230
107.200
106.540
108.290
111.390
112.820
113.640
113.790
112.100
112.580
113.230
112.160
112.260
111.870
107.120
106.370
110.700
110.460
112.260
114.410
110.190
114.100
115.990
115.770
115.750
113.500
118.810
119.270
117.940
119.070
116.850
117.510
114.910
115.440
113.940
114.270
113.150
111.800
109.380
108.700
109.020
108.750
108.600
109.100
109.360
108.220
108.010
106.959
106.650
105.400
104.850
105.180
104.080
102.840
103.020
98.315
97.500
95.550
97.970
100.390
101.330
100.690
101.540
98.760
99.430
99.950
99.440
99.270
100.590
100.810
98.650
98.530
100.510
102.160
100.600
101.800
102.290
101.930
101.270
99.800
102.810
101.210
100.410
98.010
99.080
99.300
98.800
98.850
103.100
103.060
102.860
101.590
101.020
101.420
101.790
100.290
100.570
100.440
99.410
98.490
97.900
97.330
96.150
96.040
95.270
94.260
94.930
94.750
95.360
96.370
94.900
97.160
98.440
99.330
97.820
96.850
97.035
95.420
94.680
94.990
93.620
95.030
96.970
96.800
95.860
95.360
93.760
95.440
96.270
94.140
93.670
93.865
93.520
92.100
90.820
90.370
90.210
90.750
91.320
91.850
92.290
92.270
92.310
91.510
92.200
94.040
94.130
94.730
92.700
649.900
646.200
637.440
628.460
633.960
637.980
627.850
626.020
615.880
607.250
606.600
603.830
604.510
597.850
588.630
594.700
592.430
592.000
587.490
584.540
588.250
595.250
601.800
590.140
592.340
592.000
592.640
593.740
572.800
564.530
568.210
529.060
528.310
525.340
520.000
518.050
520.270
521.900
519.000
530.680
522.640
525.190
528.020
539.810
541.390
542.380
537.760
539.230
538.320
540.015
546.520
541.500
538.420
531.930
529.890
532.260
525.900
527.700
528.790
537.440
534.510
535.450
528.360
531.090
532.790
530.920
531.000
523.420
529.080
517.140
523.610
529.380
523.150
532.793
532.990
544.750
546.000
542.470
534.660
536.950
530.610
518.660
521.380
510.060
506.560
505.850
502.610
495.180
502.540
503.950
508.760
550.070
554.000
549.940
550.915
540.990
551.480
554.900
553.520
538.220
529.910
539.830
546.800
538.810
544.320
537.450
552.860
555.680
554.170
557.460
563.820
568.100
569.890
568.000
545.430
549.500
549.700
555.810
555.020
562.850
562.141
567.000
563.580
560.900
565.790
572.650
565.500
558.300
558.000
549.480
536.310
524.120
521.020
519.520
517.600
519.230
519.030
524.990
526.580
522.810
518.000
517.670
519.990
514.580
519.580
524.150
524.580
521.100
524.020
525.000
519.610
536.270
529.040
531.315
525.000
519.000
526.405
511.770
505.990
499.980
500.790
497.505
489.830
486.990
491.320
484.640
489.940
486.560
483.860
490.510
485.630
478.450
477.250
483.780
486.000
489.200
494.880
496.100
478.000
470.700
463.180
447.960
461.000
469.340
468.500
467.010
506.200
505.000
498.440
500.250
499.560
493.100
492.000
491.650
486.000
498.000
500.750
503.270
504.980
503.590
509.710
504.340
500.150
496.420
497.880
470.940
456.860
458.640
463.855
463.800
468.020
464.690
458.010
455.753
454.990
449.960
440.800
435.300
440.700
438.930
426.000
429.460
433.100
433.380
429.700
426.520
425.010
427.650
422.950
419.600
413.600
420.110
420.390
420.860
409.960
402.690
391.360
399.250
403.900
405.700
407.400
418.490
419.300
431.400
431.560
431.440
435.400
432.500
439.500
435.740
444.730
436.500
445.470
445.650
453.220
450.730
452.500
445.650
440.000
449.900
440.850
435.950
444.050
438.150
431.910
439.050
423.240
439.160
453.850
451.510
457.970
459.810
459.040
464.970
455.710
451.310
441.780
444.460
435.100
420.450
409.810
411.225
393.540
403.990
392.640
387.970
404.990
420.270
421.570
427.000
434.150
433.720
428.100
426.360
424.850
424.500
433.760
431.370
427.600
441.900
449.820
456.460
465.440
464.690
454.580
450.220
457.420
459.500
441.450
437.930
432.830
428.450
435.600
429.750
429.800
424.500
434.510
421.480
427.800
438.000
444.050
448.430
443.820
453.850
449.250
446.000
457.690
461.100
468.850
464.520
467.210
479.510
476.500
474.000
463.250
456.470
444.050
453.910
459.110
456.980
457.000
458.500
437.825
451.690
460.000
508.810
504.560
498.516
510.310
494.640
498.300
502.680
521.000
528.550
522.500
529.210
522.000
536.965
547.880
553.820
510.530
510.290
513.540
519.000
520.350
512.470
530.000
531.470
525.000
508.930
514.750
531.150
547.770
539.770
525.000
553.400
528.940
568.910
581.800
593.650
586.790
590.215
577.270
589.550
575.900
567.170
564.250
571.910
540.710
525.200
537.530
545.500
538.910
554.150
540.420
560.630
573.835
590.230
583.515
595.890
598.220
594.880
609.430
620.000
621.440
631.000
612.420
631.050
639.590
648.870
635.340
632.350
629.560
646.500
639.740
638.650
646.880
665.200
671.250
664.860
661.810
671.500
678.750
664.290
668.740
688.260
686.860
702.410
699.160
700.260
699.880
699.350
689.955
677.370
666.850
665.110
680.450
678.050
673.170
675.570
665.760
667.250
670.640
675.250
674.977
679.990
659.510
666.110
654.420
670.820
650.010
640.000
631.210
631.300
631.870
623.390
618.710
617.850
619.390
622.770
617.290
613.630
602.840
615.905
603.230
590.920
575.010
579.760
574.460
607.380
594.400
613.030
611.280
606.590
610.790
605.120
602.950
600.240
606.120
617.970
605.300
607.090
600.560
594.880
584.730
578.000
571.670
575.000
571.330
577.300
579.040
585.440
588.210
583.400
570.960
571.000
571.240
574.520
574.460
587.720
571.600
577.290
567.770
561.270
561.500
569.160
580.740
569.200
570.900
564.590
575.870
557.500
569.550
534.500
533.960
545.310
554.050
561.450
562.570
565.000
574.580
563.700
569.580
561.500
577.080
590.500
580.240
584.900
597.800
605.070
614.270
615.635
562.610
570.610
591.380
600.220
613.720
578.940
610.060
624.110
625.000
636.200
639.930
626.130
626.980
624.350
627.300
601.830
608.770
612.780
618.380
606.180
599.790
600.490
597.780
602.740
599.510
598.370
584.720
599.610
578.050
557.540
548.982
544.210
534.690
536.800
523.660
545.420
544.240
548.170
541.560
527.960
521.310
519.670
514.540
513.080
506.880
503.110
491.500
514.260
504.660
499.530
490.960
480.760
470.500
465.250
458.380
457.300
455.900
458.410
455.590
445.710
444.340
448.360
454.440
425.100
422.670
427.490
430.150
426.960
424.200
419.700
422.280
422.680
425.910
425.500
419.770
414.950
410.000
409.400
403.510
403.400
406.890
403.100
399.690
397.000
396.690
387.760
382.470
380.360
383.330
386.700
393.000
391.680
392.850
391.450
389.930
392.510
393.490
389.830
382.540
381.290
375.840
372.350
368.420
374.510
371.020
370.400
378.920
383.980
389.250
380.800
383.520
386.610
397.030
396.970
402.210
399.910
402.030
399.070
400.090
397.410
402.420
403.000
407.560
401.760
405.030
396.180
398.100
400.000
401.350
421.760
421.740
416.830
404.980
407.340
392.570
379.090
375.780
373.330
367.860
374.570
380.370
387.120
401.920
400.190
408.730
399.860
400.280
401.030
419.640
415.250
397.000
395.540
391.430
387.020
382.140
375.890
383.930
382.400
385.560
367.370
374.740
385.820
390.570
388.250
388.180
371.170
365.080
373.470
360.300
364.510
362.170
370.840
382.310
381.520
379.630
378.070
370.520
371.150
361.300
361.690
380.440
389.410
390.980
397.650
397.780
387.640
391.620
400.590
400.000
390.350
388.320
386.950
396.120
378.000
365.430
361.170
361.010
358.330
353.530
356.340
353.340
354.670
348.950
343.000
335.950
334.700
336.040
333.650
327.590
331.370
318.940
325.160
316.680
317.355
328.990
326.900
329.750
330.000
327.200
330.550
333.250
331.780
338.170
344.840
343.180
346.500
348.870
341.100
334.800
335.970
333.430
335.500
329.970
339.560
342.080
336.470
332.000
339.200
345.660
346.120
349.020
348.890
347.860
349.690
348.400
348.260
347.990
349.740
346.780
346.190
352.240
353.620
350.340
355.000
343.510
333.100
326.100
333.300
334.800
335.020
330.490
334.060
339.920
338.100
341.220
336.990
344.310
351.110
346.360
350.640
347.660
353.150
348.070
341.850
339.280
342.560
335.990
337.130
336.830
342.000
342.100
353.180
345.330
349.120
354.690
354.910
361.400
360.070
357.190
349.960
355.470
351.240
345.260
344.020
338.770
342.150
358.710
357.250
360.800
359.190
356.790
354.753
357.390
355.190
353.680
347.890
343.640
343.800
344.450
341.300
335.800
344.170
343.780
342.960
336.330
326.870
333.770
336.430
348.350
329.520
345.890
345.160
343.250
344.880
338.830
333.990
334.719
329.550
332.440
325.640
322.950
325.480
326.220
325.910
322.852
325.000
324.360
323.000
321.600
321.630
321.090
320.000
321.730
324.370
319.650
322.132
319.630
323.800
318.640
317.010
317.530
315.270
313.540
315.500
313.740
312.000
310.450
306.680
307.970
305.200
301.200
305.720
308.460
316.000
315.000
316.640
321.050
317.200
317.990
315.450
311.370
307.000
302.220
304.230
307.950
307.650
306.870
309.090
309.070
312.360
309.000
303.400
318.470
307.440
301.690
300.200
295.410
294.740
291.713
290.336
289.590
282.000
281.600
283.750
289.000
287.230
291.770
293.975
292.100
286.330
282.710
283.860
276.080
277.690
270.240
268.170
266.210
265.820
263.190
265.040
259.780
256.640
255.090
251.262
247.470
241.850
240.760
241.750
245.450
238.040
242.670
251.790
249.390
252.840
252.360
250.080
247.580
251.650
246.690
255.400
259.850
261.480
259.780
261.730
262.840
261.010
260.440
255.893
260.710
263.670
260.870
260.000
257.090
257.680
265.090
242.900
249.880
253.180
248.230
249.380
256.320
258.530
256.890
262.480
250.490
251.000
250.490
254.300
256.710
264.120
266.930
270.060
271.000
274.580
272.160
277.690
272.250
270.600
261.100
255.640
255.960
248.225
244.840
251.470
253.240
258.290
258.210
265.180
264.540
259.690
259.388
250.600
250.080
239.350
247.280
232.820
241.880
249.500
256.980
254.700
255.165
263.220
259.245
251.840
250.250
243.710
253.830
253.030
262.890
263.840
269.310
263.020
263.250
267.270
271.880
267.990
258.240
258.805
248.540
247.030
248.570
245.780
245.280
241.860
242.200
241.430
240.440
239.720
238.200
234.975
237.490
235.490
236.603
233.000
228.950
230.458
227.640
225.640
220.470
224.790
224.100
224.900
224.180
225.380
227.370
223.910
223.829
218.310
220.010
214.940
209.280
208.940
209.930
205.750
202.380
197.380
198.230
200.000
202.340
201.860
201.630
204.190
201.940
198.110
194.880
195.890
196.420
195.690
192.625
196.730
195.170
195.910
192.370
201.080
204.930
206.850
205.950
202.510
206.780
212.080
214.910
208.330
210.930
210.110
207.870
209.190
212.800
210.300
211.750
214.380
214.600
213.430
213.130
208.830
212.630
211.720
203.550
201.250
199.440
196.050
193.170
194.260
195.100
195.830
195.370
197.780
199.500
191.280
189.360
193.320
199.700
197.420
198.960
202.240
201.110
199.220
205.400
205.330
203.000
199.150
204.610
206.540
206.080
205.480
202.870
203.140
204.560
201.020
196.940
192.510
192.400
190.730
187.850
189.800
196.056
195.000
197.710
201.660
203.670
205.700
204.700
199.520
200.600
187.850
189.350
189.630
192.250
190.630
191.020
188.970
190.660
189.760
187.740
186.200
181.410
185.350
186.130
186.730
183.870
182.010
187.200
185.400
185.190
184.290
185.830
181.980
177.990
174.040
170.830
172.910
172.060
172.780
172.980
167.276
166.440
164.620
167.990
168.160
172.270
168.750
168.920
169.460
170.120
167.650
164.980
162.750
161.630
163.550
167.940
166.650
162.550
163.690
165.660
165.490
165.580
165.750
164.930
165.210
162.988
161.700
158.900
158.880
160.170
156.950
156.630
157.790
153.290
153.270
149.080
145.760
145.040
142.030
139.540
136.340
137.760
135.920
138.480
138.700
141.250
143.500
142.580
143.460
139.790
135.750
135.420
136.400
140.670
138.070
136.110
136.670
136.660
136.010
138.810
139.550
142.280
143.810
143.820
145.310
140.130
140.000
138.990
136.470
135.390
133.450
131.780
124.760
124.050
125.150
127.630
126.820
123.730
122.320
119.780
123.210
129.560
127.370
129.040
132.330
133.330
131.750
128.240
125.800
126.220
124.850
123.350
122.900
124.640
126.620
122.630
118.890
121.730
121.180
119.190
117.200
119.570
120.010
118.420
115.430
116.530
114.940
114.190
110.145
104.090
105.450
104.510
108.230
107.830
107.580
106.360
102.710
102.090
101.910
99.910
95.260
96.450
96.300
92.970
89.900
84.870
84.120
88.340
90.250
90.240
88.830
89.310
87.910
92.000
89.860
87.448
91.600
89.400
93.370
95.030
96.790
99.110
95.830
96.350
101.170
101.165
97.000
92.770
93.240
91.920
89.100
92.620
93.090
92.150
90.190
88.880
86.810
88.000
79.450
81.930
84.300
80.560
86.240
88.240
90.460
93.210
90.430
91.810
95.950
93.170
85.880
85.970
87.420
86.520
86.640
86.140
86.870
90.020
90.130
89.310
91.030
93.980
95.990
92.800
97.350
97.870
98.395
97.280
90.350
94.430
89.400
90.030
91.300
94.700
89.920
94.630
85.210
81.930
85.240
89.440
89.640
88.480
93.760
89.870
92.430
94.810
100.170
99.240
101.050
108.910
109.990
105.930
107.400
108.230
100.860
95.430
95.070
90.330
96.510
97.370
96.950
99.780
99.600
99.770
103.840
116.260
104.550
85.700
93.350
85.912
100.480
91.960
104.000
108.010
111.920
108.250
119.620
124.910
129.800
127.270
131.850
139.940
142.600
130.570
138.490
133.860
142.030
150.910
148.180
152.320
156.860
164.570
158.590
165.860
166.840
172.400
172.960
175.280
173.310
172.760
176.150
175.820
174.470
174.773
174.540
175.570
179.040
178.330
177.980
173.520
170.070
163.860
162.890
159.970
155.500
156.580
159.940
157.700
157.710
156.550
162.180
160.370
164.300
165.150
148.900
166.900
168.210
174.090
170.080
172.300
175.370
175.370
174.910
180.250
175.400
173.000
169.590
175.050
164.050
170.040
166.440
174.140
174.500
172.060
174.780
176.550
178.480
181.000
178.170
171.250
171.500
181.450
184.340
180.330
184.920
188.000
186.250
184.000
186.900
188.500
187.500
186.930
187.490
182.800
180.750
179.180
185.610
181.830
187.900
190.300
186.780
191.290
188.600
185.120
183.180
183.750
186.130
184.560
181.810
180.310
175.010
176.260
171.110
169.740
170.600
165.310
164.050
167.410
162.350
159.040
154.180
151.760
149.400
146.770
152.720
151.130
153.310
153.550
156.130
152.190
147.060
148.780
146.300
143.270
141.800
144.950
140.870
139.960
134.010
131.120
133.120
129.180
122.550
129.880
124.100
127.040
124.100
121.980
120.410
124.490
123.580
121.990
124.440
129.750
127.200
118.230
117.640
118.590
122.480
126.050
122.200
125.990
126.270
129.400
126.680
130.700
128.010
122.080
119.970
130.830
130.430
134.210
136.240
129.450
131.370
131.150
128.160
138.990
139.990
136.190
148.060
161.710
161.510
165.230
177.720
177.520
176.000
177.580
171.300
180.140
181.250
191.450
195.410
199.270
199.500
200.590
198.950
199.010
195.030
190.120
185.430
182.980
186.520
190.720
190.370
190.190
193.440
194.750
193.590
190.540
186.190
182.890
177.150
181.860
187.340
179.430
176.820
175.220
173.590
172.000
165.840
165.670
166.100
165.300
166.390
177.160
160.850
165.280
171.150
186.670
190.610
187.050
185.290
189.210
188.600
187.630
186.180
185.700
185.290
184.870
185.810
188.560
170.350
174.240
171.500
172.690
165.540
167.980
163.010
169.490
167.550
170.200
163.490
158.360
158.000
157.780
156.550
154.630
153.440
153.770
154.470
146.840
146.730
141.140
140.150
143.020
139.050
138.990
136.570
138.830
135.990
137.900
137.000
132.010
135.570
144.970
139.940
139.490
132.670
129.880
130.990
133.391
130.530
133.090
131.220
122.210
123.960
122.010
117.010
122.740
128.290
128.330
123.120
131.110
136.760
134.940
132.900
135.260
136.650
133.640
142.970
144.330
146.190
145.870
137.350
138.880
143.310
141.650
140.300
138.190
138.300
138.390
135.030
133.850
132.070
128.880
132.380
133.130
128.800
122.000
121.050
121.970
122.360
120.610
123.980
124.190
123.850
121.700
123.870
124.690
123.280
120.620
117.200
121.150
119.350
126.000
125.825
124.990
122.300
121.410
118.630
121.100
120.070
114.300
114.450
112.000
112.810
114.020
112.490
110.310
110.230
107.150
108.530
109.570
109.620
107.740
106.630
104.910
103.470
101.080
100.800
100.730
99.650
99.590
100.090
98.180
101.580
94.230
93.960
91.585
90.889
90.190
90.160
92.000
90.570
90.900
92.040
93.900
93.670
95.210
94.120
94.940
94.140
94.140
94.280
94.190
94.880
95.710
93.990
93.350
93.730
91.990
91.350
90.240
89.538
89.960
88.600
89.410
88.070
88.800
88.590
88.050
87.800
85.890
86.770
84.030
83.000
86.300
89.840
89.160
90.800
85.980
84.650
85.250
85.440
84.630
85.160
84.430
85.880
85.430
84.480
84.450
84.300
84.120
86.230
84.860
86.430
86.300
87.115
87.111
86.680
85.730
89.140
88.630
92.100
97.560
95.680
94.590
95.940
94.750
86.450
85.960
85.770
84.050
86.290
83.950
80.220
78.150
82.150
83.460
84.696
86.470
84.730
87.625
89.020
89.050
87.950
88.610
88.900
87.230
90.025
90.645
91.655
91.880
91.800
92.215
93.000
90.360
92.510
89.530
88.990
87.420
85.400
85.145
84.870
85.050
84.800
83.220
83.550
82.900
80.020
80.450
78.950
79.360
78.915
81.100
81.450
79.985
81.750
81.900
81.350
81.210
79.990
78.970
79.260
74.750
75.040
75.190
75.630
73.610
73.420
74.540
73.800
74.420
74.530
74.100
74.450
75.100
77.110
77.020
77.170
76.180
73.810
74.300
75.250
74.380
74.100
73.800
74.600
73.720
72.850
72.810
72.430
73.370
70.600
71.080
68.970
68.480
67.280
67.335
66.990
68.500
67.340
67.890
68.000
66.680
67.300
67.710
68.000
67.100
65.340
64.050
63.250
63.250
65.430
67.090
67.720
67.050
67.910
67.650
67.220
66.830
63.940
64.505
62.000
61.780
61.260
59.820
60.960
52.960
53.160
51.730
52.500
52.030
55.170
55.110
55.700
55.480
57.090
57.150
57.520
57.590
56.760
57.290
59.090
59.170
59.720
58.200
57.740
57.610
57.830
58.955
57.300
58.280
57.610
58.830
61.180
58.440
60.100
60.220
61.150
62.990
59.850
61.755
63.290
64.310
64.260
62.990
64.860
63.870
63.260
65.680
64.705
68.100
67.370
67.700
70.800
71.290
71.830
72.990
71.860
71.220
71.950
70.150
70.780
69.250
67.740
66.600
65.970
66.920
68.470
69.500
66.820
65.000
66.510
66.300
68.140
69.030
70.240
70.910
68.300
64.710
62.110
63.660
63.240
62.850
59.130
59.690
60.230
60.270
61.690
62.260
64.300
65.210
64.740
66.890
67.820
65.790
65.610
64.010
66.090
66.360
65.760
67.600
69.330
69.020
69.000
71.600
72.020
72.140
71.780
69.000
70.630
70.310
69.990
67.310
65.110
66.520
65.130
69.210
68.460
68.340
72.160
72.280
75.320
75.000
75.500
71.280
72.890
74.530
77.390
78.760
76.100
79.280
81.250
83.080
85.700
84.990
84.970
83.840
76.250
76.730
75.240
74.830
75.130
72.332
70.910
73.780
74.440
74.000
74.170
73.910
72.600
71.625
71.110
72.140
72.680
72.530
74.850
74.870
74.210
73.200
74.230
73.930
71.950
72.090
68.950
68.430
69.990
70.720
67.660
66.880
64.840
64.820
65.350
65.590
63.150
61.600
61.540
61.540
60.640
60.000
59.950
60.850
60.350
60.260
57.720
57.240
55.200
56.040
56.990
56.280
56.400
55.250
56.840
54.470
52.070
53.250
53.980
54.030
49.440
48.650
51.230
51.840
51.740
53.200
54.330
54.950
54.160
52.330
51.230
53.070
53.920
54.030
52.100
51.950
52.960
52.990
51.050
50.230
50.000
51.180
51.020
51.100
50.040
49.350
49.050
46.690
46.300
47.000
46.790
45.990
45.270
46.110
46.120
45.600
45.850
46.150
46.250
46.910
46.400
47.390
46.480
43.460
43.390
44.000
42.930
43.000
42.490
42.980
43.190
42.890
42.600
43.560
43.960
43.830
44.010
43.990
43.440
43.700
42.860
41.520
41.410
40.970
40.790
38.290
38.230
38.370
37.870
36.810
37.780
36.600
36.830
36.610
37.230
37.490
36.840
39.090
38.830
38.260
37.700
37.850
38.480
37.190
36.870
36.010
35.890
37.400
37.000
36.630
37.600
38.330
38.160
40.050
39.890
40.660
40.640
40.025
39.500
39.450
37.850
37.250
35.800
35.500
35.140
34.560
34.200
35.420
35.240
36.670
37.240
36.890
37.250
36.110
36.400
36.210
36.150
36.290
35.890
36.780
36.490
36.800
36.400
37.660
36.600
35.030
36.620
38.810
42.950
42.490
44.220
43.700
42.330
42.400
41.220
40.990
42.090
42.450
41.990
42.560
42.750
42.950
42.450
43.710
43.290
43.330
41.530
41.210
40.640
40.520
40.210
39.590
39.610
41.900
42.800
42.760
44.340
44.250
44.990
44.680
89.620
88.480
86.690
86.300
87.740
90.650
88.150
86.660
83.160
79.860
78.720
81.000
79.070
78.930
78.090
79.100
77.900
77.050
74.580
72.620
72.160
72.680
71.410
70.980
71.220
69.650
70.600
69.740
70.240
73.650
65.350
68.260
69.900
65.000
64.685
64.470
63.800
64.780
64.890
64.810
63.800
63.300
64.640
63.750
64.190
63.560
65.480
66.830
66.240
65.240
65.335
65.740
65.030
62.750
63.150
65.930
64.310
64.560
66.130
67.790
68.740
69.000
65.350
61.690
62.290
58.040
55.490
54.300
55.190
55.100
55.080
55.010
54.950
53.950
54.200
54.530
54.900
55.030
54.440
52.430
52.500
51.960
49.980
48.660
47.450
47.190
47.400
47.640
47.100
48.100
44.790
44.910
43.030
38.860
38.500
38.800
39.550
40.540
39.500
38.560
39.010
39.150
39.000
37.930
37.500
36.970
37.400
37.040
38.100
37.730
36.900
36.550
35.200
35.200
35.300
35.860
35.660
36.100
35.700
35.400
35.030
35.500
34.300
34.070
34.020
34.610
33.090
31.910
31.260
30.860
30.710
31.510
30.510
30.600
30.880
30.660
30.460
31.100
30.390
29.850
30.900
31.750
31.190
31.500
31.180
32.690
32.500
32.310
31.750
30.850
31.700
31.340
32.301
31.930
32.050
32.850
32.650
28.860
29.250
30.010
30.270
30.130
30.810
31.270
30.450
32.080
32.509
32.100
33.900
33.070
33.520
33.000
32.320
33.100
32.580
32.550
30.620
30.500
30.650
30.320
30.090
29.990
29.040
28.560
28.720
28.030
27.790
28.080
28.480
28.310
27.500
27.250
26.900
26.630
27.400
26.970
26.700
27.250
27.127
26.790
26.400
26.270
26.570
26.410
26.200
25.970
26.000
26.710
26.450
26.820
27.240
27.580
27.700
27.560
27.600
28.210
28.120
29.070
29.000
26.740
28.000
27.500
27.900
27.620
27.740
27.480
27.740
26.900
27.860
27.860
27.400
26.910
26.100
25.300
25.920
25.370
25.700
25.940
25.960
26.550
27.030
27.320
27.260
26.990
25.900
26.790
24.950
23.960
23.600
24.000
24.090
22.960
22.840
22.220
22.140
22.450
22.500
23.310
23.180
23.100
23.850
23.670
23.090
22.620
22.620
22.450
21.820
22.000
22.300
22.460
22.740
22.630
22.840
23.030
22.460
22.250
22.560
22.700
22.670
22.996
22.940
24.400
24.700
23.160
23.230
22.840
22.100
22.250
21.420
21.550
21.350
21.180
20.910
20.350
19.720
19.940
19.650
20.190
19.900
20.080
20.190
21.490
21.320
20.250
20.450
21.170
20.780
20.900
20.940
21.540
21.600
21.040
20.780
20.890
21.230
20.500
20.340
20.100
20.560
21.210
21.350
22.480
22.070
21.480
21.900
22.450
23.190
22.910
22.820
23.070
22.830
23.300
23.990
23.510
22.560
22.750
22.560
22.730
22.940
23.310
22.600
23.380
23.800
24.850
24.320
23.730
23.500
23.300
23.250
22.050
21.670
20.990
20.800
20.750
21.090
21.490
20.300
21.340
22.210
22.020
22.180
22.880
22.100
22.370
22.210
22.810
22.470
22.250
22.250
22.530
22.480
22.730
23.160
22.800
22.660
22.200
21.330
20.910
20.750
20.780
21.810
21.030
20.180
20.370
19.860
20.020
20.210
19.860
19.760
19.820
20.110
19.730
20.060
21.350
20.530
21.000
20.740
20.770
20.990
21.500
20.410
21.040
20.950
20.870
20.690
20.900
20.190
19.970
20.020
20.010
19.660
19.910
20.210
19.520
19.270
19.000
19.030
18.870
18.680
19.300
18.700
18.860
19.470
19.301
19.350
19.350
18.450
18.410
17.600
17.750
17.550
17.150
16.890
16.940
17.740
17.450
17.300
17.440
18.100
18.120
18.290
18.500
17.960
18.210
17.890
17.790
18.100
18.530
18.590
18.600
18.830
18.430
18.150
18.330
17.700
17.330
16.120
14.770
14.460
14.250
13.930
13.980
13.480
13.460
13.520
13.530
13.180
13.130
13.200
12.990
13.590
13.710
14.050
14.200
14.520
14.510
14.850
14.520
14.550
14.360
14.200
14.340
14.400
14.320
14.550
14.410
14.670
15.090
14.930
15.070
15.000
14.890
14.680
14.470
14.170
14.360
14.510
14.470
14.580
14.610
14.740
15.010
14.860
14.570
14.990
14.680
14.860
14.820
14.850
15.070
14.750
14.610
14.410
14.270
14.500
14.260
14.550
14.360
14.710
14.450
14.410
14.190
14.980
14.240
14.240
13.680
14.240
14.050
13.980
14.210
14.560
14.210
14.590
14.690
14.900
14.580
14.620
14.580
14.790
15.030
14.800
14.360
14.000
14.080
14.310
14.420
14.440
14.160
14.290
14.530
14.800
