7771
7774
7788
7787
7767
7773
7784
7764
7775
7784
7777
7784
7809
7805
7806
7813
7807
7823
7811
7809
7831
7821
7816
7827
7810
7818
7817
7780
7785
7772
7778
7774
7781
7773
7778
7769
7783
7788
7787
7779
7788
7778
7782
7766
7783
7785
7789
7783
7792
7782
7772
7784
7791
7772
7787
7781
7771
7778
7806
7806
7804
7802
7806
7806
7799
7803
7808
7800
7793
7795
7772
7772
7768
7769
7778
7775
7767
7771
7768
7768
7776
7780
7771
7788
7772
7778
7770
7775
7763
7766
7767
7771
7774
7767
7772
7771
7766
7768
7777
7775
7776
7792
7779
7778
7788
7765
7772
7774
7767
7775
7778
7773
7776
7768
7758
7764
7773
7777
7787
7779
7774
7778
7768
7776
7806
7803
7800
7806
7798
7808
7798
7804
7804
7806
7798
7811
7802
7788
7802
7797
7803
7813
7798
7769
7781
7779
7792
7789
7786
7795
7793
7784
7785
7780
7779
7796
7782
7779
7784
7784
7773
7780
7774
7783
7789
7769
7778
7776
7770
7772
7780
7768
7778
7782
7766
7784
7791
7768
7766
7779
7768
7779
7779
7783
7785
7781
7780
7780
7777
7765
7772
7777
7787
7790
7805
7773
7776
7762
7775
7777
7769
7778
7779
7771
7761
7769
7776
7784
7770
7772
7777
7778
7770
7784
7768
7768
7780
7769
7788
7790
7777
7782
7773
7785
7788
7790
7777
7791
7791
7779
7806
7799
7780
7781
7779
7774
7779
7778
7773
7794
7786
7779
7781
7775
7785
7775
7776
7794
7787
7774
7783
7782
7773
7779
7778
7774
7784
7786
7774
7786
7766
7773
7778
7781
7796
7779
7773
7774
7787
7772
7783
7793
7772
7767
7775
7777
7796
7790
7776
7789
7777
7769
7790
7821
7815
7774
7784
7773
7785
7781
7791
7777
7786
7787
7781
7776
7781
7768
7770
7784
7779
7778
7773
7784
7787
7771
7776
7772
7781
7783
7779
7780
7778
7772
7816
7804
7795
7801
7806
7804
7813
7808
7817
7812
7802
7820
7777
7773
7777
7772
7766
7774
7776
7764
7781
7773
7785
7797
7778
7780
7789
7786
7781
7794
7778
7781
7780
7777
7777
7776
7779
7813
7814
7810
7826
7823
7808
7801
7807
7795
7811
7811
7830
7796
7802
7803
7777
7765
7786
7789
7760
7771
7773
7779
7782
7775
7773
7782
7785
7772
7763
7769
7766
7766
7768
7765
7778
7780
7772
7774
7808
7817
7819
7802
7818
7814
7793
7816
7812
7802
7816
7813
7799
7810
7799
7801
7801
7800
7818
7804
7773
7763
7780
7782
7776
7769
7763
7784
7775
7767
7766
7768
7772
7807
7820
7809
7810
7817
7801
7804
7810
7810
7814
7801
7804
7788
7795
7808
7778
7781
7769
7780
7773
7792
7782
7810
7815
7773
7770
7787
7777
7778
7791
7788
7780
7775
7773
7772
7776
7781
7781
7780
7784
7785
7783
7770
7773
7776
7772
7761
7774
7784
7784
7784
7785
7786
7785
7767
7774
7774
7765
7777
7774
7775
7775
7781
7777
7780
7767
7772
7770
7763
7777
7784
7770
7782
7772
7782
7775
7772
7767
7780
7776
7769
7770
7788
7805
7808
7807
7811
7808
7776
7773
7783
7778
7787
7785
7774
7764
7776
7769
7788
7782
7769
7774
7771
7773
7775
7782
7777
7778
7782
7785
7783
7780
7777
7771
7778
7774
7761
7772
7784
7780
7775
7770
7770
7774
7763
7771
7770
7785
7778
7768
7783
7779
7773
7777
7779
7769
7777
7766
7780
7781
7782
7775
7785
7773
7774
7784
7776
7785
7774
7763
7790
7793
7765
7778
7774
7778
7775
7793
7778
7782
7774
7770
7775
7783
7776
7786
7787
7781
7793
7781
7777
7779
7779
7790
7787
7776
7782
7785
7785
7785
7775
7790
7779
7779
7777
7784
7779
7783
7786
7785
7784
7784
7782
7774
7786
7782
7780
7789
7774
7786
7793
7776
7787
7780
7793
7787
7792
7786
7793
7781
7782
7779
7775
7772
7789
7773
7782
7785
7780
7785
7793
7775
7795
7816
7799
7805
7805
7799
7813
7807
7795
7802
7806
7804
7782
7784
7778
7789
7788
7790
7797
7775
7772
7777
7776
7776
7778
7763
7790
7782
7771
7792
7784
7780
7784
7789
7771
7782
7782
7774
7777
7778
7775
7781
7776
7783
7785
7774
7782
7775
7767
7771
7776
7770
7777
7776
7775
7769
7777
7768
7783
7777
7772
7777
7766
7775
7775
7766
7772
7770
7763
7780
7770
7762
7761
7766
7763
7764
7776
7777
7773
7765
7776
7769
7783
7784
7769
7769
7760
7767
7761
7767
7742
7716
7726
7729
7749
7766
7765
7766
7780
7775
7760
7765
7768
7765
7771
7768
7773
7780
7783
7775
7788
7773
7773
7776
7770
7775
7776
7775
7772
7774
7774
7774
7776
7755
7771
7770
7768
7773
7772
7771
7778
7772
7764
7770
7764
7768
7764
7758
7763
7768
7763
7758
7768
7758
7764
7767
7758
7776
7772
7759
7783
7796
7763
7772
7769
7767
7773
7762
7765
7779
7778
7779
7757
7727
7722
7774
7769
7763
7774
7770
7779
7784
7769
7762
7768
7762
7773
7766
7755
7758
7769
7773
7771
7773
7767
7774
7769
7773
7787
7768
7764
7779
7762
7776
7772
7766
7774
7770
7771
7772
7774
7772
7783
7773
7776
7780
7785
7805
7806
7809
7807
7817
7793
7810
7795
7800
7805
7805
7799
7772
7785
7774
7777
7779
7760
7779
7782
7767
7774
7778
7769
7781
7814
7768
7763
7773
7763
7811
7806
7795
7780
7775
7771
7775
7771
7780
7777
7764
7732
7730
7732
7736
7767
7764
7774
7770
7768
7765
7772
7769
7767
7771
7775
7768
7779
7772
7764
7758
7765
7765
7764
7778
7772
7769
7776
7779
7762
7779
7780
7770
7774
7771
7770
7772
7767
7763
7776
7777
7770
7771
7765
7778
7790
7794
7801
7796
7797
7802
7799
7801
7814
7802
7791
7786
7775
7769
7771
7802
7801
7805
7804
7764
7768
7767
7764
7768
7763
7769
7773
7769
7762
7764
7752
7769
7763
7762
7777
7776
7775
7777
7772
6582
6323
6328
6325
5887
5880
5061
5048
4648
4469
4403
4390
4440
4399
4387
4402
4405
4390
4314
4309
4433
4446
4425
4427
4435
4395
4391
4401
4372
4338
4335
4330
4312
4321
4388
4404
4473
4599
4719
4720
4893
5082
5183
5184
5329
5423
5487
5492
5667
5757
5802
5796
5813
5890
5948
5939
5988
6005
6154
6153
6140
6186
6189
6181
6254
6258
6249
6249
6254
6254
6210
6209
6198
6213
6187
6175
6150
6106
6077
6080
6047
6000
5995
5980
5943
5895
5776
5790
5755
5671
5552
5539
5480
5386
5189
5177
5044
5015
4984
4992
4940
4752
4586
4583
4448
4395
4389
4382
4373
4334
4302
4316
4340
4406
4516
4514
4659
4759
5025
5034
5151
5266
5424
5423
5562
5674
5735
5728
5757
5786
5797
5802
5822
5867
5854
5849
5863
5932
5918
5923
5947
5924
5924
5918
5923
5892
5896
5889
5891
5863
5862
5856
5860
5834
5822
5825
5794
5803
5756
5758
5733
5657
5587
5594
5525
5415
5340
5324
5206
5115
5072
5089
5087
5052
4880
4867
4679
4545
4596
4616
4555
4521
4470
4457
4390
4389
4416
4408
4459
4550
4454
4447
4658
4792
4962
4965
5128
5295
5353
5361
5595
5664
5843
5859
5897
5932
5998
5996
6013
6089
6202
6210
6293
6274
6288
6286
6279
6293
6317
6310
6330
6348
6351
6355
6349
6356
6356
6353
6355
6360
6327
6321
6331
6291
6261
6255
6239
6222
6164
6144
6105
6066
6059
6054
6050
6045
6050
6057
6083
6112
6170
6172
6180
6210
6177
6186
6170
6218
6227
6219
6221
6191
6178
6197
6181
6184
6176
6193
6143
6118
6084
6072
6007
5986
5952
5948
5923
5899
5873
5860
5815
5780
5758
5749
5688
5647
5630
5611
5542
5517
5488
5470
5455
5421
5401
5394
5321
5258
5188
5147
5039
4960
4947
4937
4945
4893
4910
4939
4928
4964
4981
4994
5069
5169
5194
5227
5332
5383
5444
5489
5523
5597
5667
5721
5718
5788
5810
5820
5854
5896
5907
5919
5916
5925
5902
5888
5926
5927
5912
5893
5859
5825
5817
5787
5761
5721
5715
5694
5662
5591
5554
5481
5457
5388
5350
5321
5221
5158
5127
5087
4989
4999
5015
5023
4998
5028
4989
4964
4959
5000
5008
5035
5093
5079
5065
5025
5054
5050
5078
5088
5198
5207
5237
5246
5287
5340
5343
5362
5435
5483
5485
5486
5530
5520
5522
5545
5620
5755
5777
5822
5928
5991
6026
6090
6153
6256
6254
6293
6323
6344
6374
6424
6416
6429
6441
6455
6470
6451
6466
6461
6440
6446
6444
6419
6418
6410
6400
6384
6315
6272
6276
6242
6206
6196
6185
6148
6016
5935
5952
5914
5885
5924
5915
5896
5926
5887
5901
5921
5943
5983
5989
6066
6087
6137
6142
6141
6155
6193
6182
6228
6249
6281
6302
6323
6334
6330
6326
6325
6318
6287
6281
6251
6252
6213
6221
6181
6145
6121
6107
6086
6068
6019
6009
5991
5992
5997
5995
5989
5952
5924
5913
5913
5935
5950
5948
5984
5988
5992
5981
5985
5958
5976
5983
5995
5946
5939
5955
5940
5923
5892
5883
5842
5769
5742
5754
5676
5651
5580
5575
5526
5472
5406
5411
5349
5319
5284
5274
5244
5252
5215
5212
5253
5264
5326
5318
5384
5484
5612
5626
5736
5784
5854
5843
5884
5940
5982
5994
6012
6067
6081
6073
6144
6149
6175
6184
6182
6186
6181
6181
6173
6144
6143
6149
6078
6044
5983
5984
5985
5927
5895
5874
5813
5789
5723
5729
5686
5659
5669
5660
5652
5662
5691
5685
5683
5749
5727
5732
5793
5822
5851
5858
5880
5934
5982
5987
5990
6016
6055
6047
6074
6109
6117
6104
6072
6107
6067
6072
6080
6044
6060
6057
5987
5958
5914
5916
5859
5787
5717
5724
5658
5569
5510
5513
5484
5418
5326
5310
5284
5105
4983
4982
4887
4807
4741
4736
4674
4786
4817
4819
4820
4900
4987
4985
5151
5278
5413
5422
5522
5616
5660
5665
5817
5924
5923
5922
5980
6051
6077
6081
6116
6105
6146
6146
6141
6155
6148
6133
6144
6109
6111
6109
6143
6149
6084
6083
6049
5992
5948
5953
5931
5886
5825
5810
5714
5586
5510
5512
5333
5262
5223
5221
5188
5184
5194
5185
5222
5266
5322
5314
5352
5407
5463
5471
5532
5599
5675
5682
5782
5859
5874
5884
5944
5986
6021
6004
6008
6049
6031
6045
6008
5996
5989
5986
5936
5933
5888
5873
5852
5784
5730
5747
5684
5679
5693
5691
5694
5659
5681
5684
5719
5779
5822
5825
5896
5916
5984
5986
6018
6087
6101
6117
6107
6099
6141
6134
6139
6115
6143
6142
6110
6079
6046
6050
6042
5983
5951
5943
5898
5821
5751
5748
5658
5583
5486
5486
5438
5417
5302
5274
5188
5095
4897
4889
4751
4642
4494
4469
4443
4490
4456
4445
4404
4467
4527
4537
4679
4870
5009
5022
5187
5355
5436
5445
5715
5747
5815
5807
5847
5940
5978
5983
6059
6122
6139
6146
6099
6106
6126
6132
6137
6121
6133
6126
6146
6146
6137
6142
6110
6149
6118
6109
6073
6046
6024
6009
5980
5934
5931
5924
5852
5788
5733
5715
5655
5523
5475
5437
5270
5118
5061
5044
4980
4913
4873
4851
4485
4258
4204
4157
4024
3915
3837
3787
3616
3548
3451
3368
3436
3615
3616
3616
3620
3824
3940
4026
4262
4744
4897
5017
5328
5437
5549
5640
5811
5977
5975
5981
5978
6040
6054
6058
6063
6094
6107
6103
6110
6098
6110
6103
6062
6034
6014
5998
5999
5975
5977
5973
5933
5873
5865
5841
5804
5746
5726
5713
5687
5574
5558
5509
5437
5329
5309
5267
5249
5205
5147
5090
4952
4674
4622
4518
4400
4381
4310
4203
4167
4070
4014
3904
3659
3760
3761
3734
3971
4309
4400
4611
4929
5127
5149
5214
5373
5477
5520
5650
5714
5775
5789
5810
5869
5949
5939
5932
5990
5986
5981
5980
5976
5969
5963
5984
5977
5982
5981
5943
5892
5846
5842
5811
5782
5785
5769
5676
5649
5563
5557
5510
5515
5512
5516
5509
5512
5517
5511
5510
5543
5587
5582
5656
5713
5738
5750
5743
5768
5782
5778
5782
5818
5811
5823
5829
5825
5757
5762
5728
5690
5652
5648
5588
5515
5449
5442
5315
5249
5187
5183
5150
4990
4884
4862
4707
4465
4368
4368
4235
4175
4101
4092
4046
3805
3636
3625
3453
3489
3520
3523
3555
3739
3855
3863
4035
4192
4302
4307
4533
5127
5319
5322
5358
5419
5447
5458
5483
5575
5657
5656
5639
5716
5817
5808
5860
5893
5856
5850
5847
5856
5816
5806
5818
5786
5676
5676
5662
5592
5470
5478
5419
5317
5286
5283
5261
5216
5221
5221
5266
5264
5253
5253
5286
5334
5390
5386
5449
5475
5586
5586
5649
5687
5686
5684
5760
5825
5830
5829
5858
5857
5860
5855
5857
5821
5823
5830
5830
5748
5678
5680
5575
5505
5438
5449
5387
5315
5223
5216
5091
4880
4878
4881
4801
4681
4492
4493
4403
4208
4093
4105
4035
3917
3747
3729
3636
3453
3296
3296
3321
3347
3415
3428
3522
3705
3871
3863
4069
4373
4532
4545
4714
4878
5125
5125
5286
5683
5769
5777
5805
5848
5876
5884
5984
5982
6014
6009
6051
6055
6050
6044
6037
6043
6009
6006
5986
5951
5927
5920
5857
5814
5746
5759
5682
5553
5486
5476
5385
5334
5248
5260
5165
5023
4893
4891
4768
4657
4602
4594
4582
4642
4678
4673
4643
4672
4789
4783
4886
5049
5145
5158
5391
5412
5481
5476
5579
5615
5746
5757
5891
5885
5883
5891
5942
5926
5948
5951
5915
5921
5920
5916
5912
5882
5845
5840
5774
5747
5720
5715
5654
5610
5546
5545
5476
5345
5267
5254
5187
5158
5094
5072
4986
4881
4680
4677
4649
4714
4723
4716
4740
4811
4813
4821
4894
4981
5057
5057
5151
5255
5314
5317
5357
5450
5512
5509
5753
5776
5881
5890
5916
5885
5916
5917
5948
5993
5953
5948
5910
5918
5887
5867
5814
5748
5709
5709
5648
5529
5479
5468
5365
5285
5225
5210
5164
5138
5123
5118
5038
5049
5025
5017
5054
5112
5171
5186
5325
5399
5454
5469
5580
5607
5695
5703
5781
5810
5877
5872
5912
5937
5999
6011
6015
6060
6069
6078
6053
6007
6010
6011
6005
5988
5962
5933
5923
5843
5814
5827
5781
5719
5671
5660
5543
5479
5417
5415
5316
5205
5092
5042
4881
4822
4762
4744
4651
4550
4432
4406
4169
4038
3924
3879
3693
3874
3902
3919
4135
4404
4565
4650
4858
5021
5091
5119
5209
5325
5348
5388
5522
5583
5632
5648
5786
5811
5820
5819
6084
6124
6134
6157
6173
6241
6254
6247
6251
6291
6265
6254
6245
6210
6241
6243
6259
6216
6213
6214
6213
6145
6121
6111
6112
6050
6024
5999
5906
5820
5773
5724
5618
5514
5497
5483
5352
5255
5172
5045
4781
4636
4572
4501
4398
4325
4233
4099
3828
3660
3565
3411
2959
2842
2787
2723
2608
2433
2325
2144
1818
1649
1633
1595
1647
1606
1709
1851
2088
2446
2566
2812
3222
3536
3786
4317
4987
5232
5283
5389
5546
5756
5771
5822
5857
5895
5909
5923
5995
6090
6085
6076
6126
6149
6151
6189
6177
6213
6204
6184
6178
6180
6177
6154
6147
6076
6072
6082
6046
6038
6038
6010
5987
5952
5930
5913
5888
5844
5843
5816
5736
5678
5670
5603
5512
5447
5425
5378
5353
5286
5278
5198
5030
4869
4828
4607
4481
4335
4342
4287
4071
3908
3892
3804
3814
3634
3600
3498
3522
3457
3472
3598
3773
3983
3980
4161
4409
4499
4530
4715
4887
5481
5494
5689
5757
5865
5856
5929
5953
5977
5992
6012
6041
6045
6046
6070
6158
6148
6151
6158
6212
6248
6248
6252
6252
6245
6249
6251
6253
6218
6222
6211
6193
6146
6147
6148
6118
6118
6117
6081
6016
5988
5983
5956
5891
5820
5816
5755
5652
5546
5548
5452
5314
5222
5234
5054
4980
4863
4861
4639
4473
4305
4314
3971
3930
3833
3839
3699
3373
2974
2991
2841
2617
2543
2553
2418
2322
2195
2205
2014
1993
1987
1992
1747
1922
2027
2027
2336
2652
3085
3096
3531
3914
4399
4410
4896
5154
5328
5339
5798
5899
5951
5950
6003
5982
6031
6017
6051
6054
6112
6106
6133
6126
6116
6127
6154
6145
6155
6146
6126
6115
6079
6089
6063
5995
5993
6000
5927
5859
5868
5855
5743
5687
5655
5653
5573
5552
5392
5399
5287
5128
4964
4957
4856
4785
4675
4673
4606
4440
4171
4172
3925
3870
3690
3692
3443
3291
3261
3261
2983
2758
2703
2691
2634
2305
2207
2200
2083
1991
1760
1760
1380
1375
1237
1226
1273
1339
1515
1520
1856
2195
2651
2655
3190
3648
4098
4118
4973
5293
5493
5498
5737
5833
5984
6001
6012
6013
6079
6078
6113
6145
6151
6142
6194
6218
6213
6224
6209
6213
6225
6222
6217
6221
6186
6183
6155
6145
6131
6125
6082
6082
6020
6017
5931
5846
5809
5820
5753
5673
5625
5615
5531
5413
5349
5346
5287
5210
5085
5080
4984
4737
4580
4572
4471
4332
4305
4312
4206
4094
3910
3892
3514
3442
3383
3372
3354
3348
3422
3419
3489
3624
3761
3759
3963
4233
4497
4502
4881
4989
5135
5149
5327
5396
5454
5454
5522
5625
5677
5697
5756
5783
5826
5818
5897
5917
5964
5948
5988
6082
6077
6084
6141
6189
6181
6174
6183
6215
6220
6205
6210
6208
6177
6177
6189
6182
6157
6140
6119
6078
6046
6053
6019
5933
5917
5921
5850
5753
5664
5659
5536
5467
5374
5357
5245
5176
5103
5068
4917
4704
4536
4500
4301
3967
3912
3890
3788
3749
3656
3620
3380
3366
3275
3249
3365
3561
3655
3688
3932
4126
4330
4400
4812
4956
5083
5146
5374
5483
5527
5535
5613
5686
5709
5730
5786
5858
5855
5848
5925
5930
5940
5965
5929
5921
5928
5919
5888
5859
5850
5858
5828
5787
5764
5751
5724
5651
5609
5582
5478
5432
5373
5366
5272
5151
5095
5039
4878
4786
4664
4567
4574
4578
4575
4576
4596
4640
4678
4706
4920
5014
5078
5144
5392
5398
5433
5473
5596
5643
5676
5709
5782
5807
5828
5863
5872
5976
5989
5991
5969
5976
5972
5967
5978
5977
5964
5937
5921
5850
5830
5805
5746
5676
5665
5644
5525
5458
5434
5377
5307
5210
5152
5085
5016
4869
4851
4788
4701
4585
4548
4446
4299
4090
4034
3940
3815
3821
3817
3818
3757
3486
3441
3343
3269
3008
2993
2950
2944
2740
2740
2726
2636
2808
2839
2939
3188
3517
3593
3834
4094
4351
4513
4980
5186
5355
5379
5506
5601
5667
5689
5698
5775
5925
5938
5974
5980
6044
6030
6038
6031
6068
6071
6099
6104
6067
6063
6104
6101
6062
6070
6068
6066
6046
6039
6002
5999
5967
5963
5935
5910
5906
5906
5837
5743
5704
5697
5675
5540
5429
5430
5342
5193
5134
5137
5108
5047
4940
4938
4812
4635
4456
4459
4160
4066
3837
3828
3714
3619
3520
3494
3244
2800
2558
2557
2412
2323
2228
2216
1946
1842
1707
1695
1601
1532
1529
1533
1663
1392
1575
1578
1739
2123
2598
2616
3148
3732
4536
4542
4989
5599
5788
5776
5894
5910
5987
5987
6051
6127
6119
6110
6147
6176
6181
6189
6216
6171
6217
6213
6225
6186
6181
6178
6194
6144
6148
6159
6138
6118
6082
6079
6081
6054
6050
6056
6011
5982
5925
5924
5815
5786
5708
5710
5613
5509
5412
5418
5341
5289
5152
5149
5122
4886
4597
4610
4474
4256
4138
4148
4069
3899
3563
3538
3487
3182
2707
2710
2423
1917
1723
1699
1265
1296
579
574
503
566
755
751
879
1083
1466
1475
1751
2134
2574
2581
3367
3768
4434
4434
5548
5783
5914
5925
5980
6000
6047
6060
6071
6151
6139
6150
6177
6214
6211
6211
6224
6239
6254
6245
6261
6220
6219
6213
6185
6147
6076
6083
6070
6005
5952
5939
5849
5853
5779
5782
5736
5678
5660
5668
5542
5453
5425
5420
5367
5183
5092
5087
4955
4824
4689
4674
4586
4547
4457
4458
4310
4073
3670
3664
3347
3221
3192
3190
3095
2950
2744
2748
2613
2468
2421
2415
2332
2371
2405
2409
2545
2710
2871
2884
3043
3372
3758
3773
4444
4626
4976
5000
5204
5335
5447
5459
5819
5851
5892
5888
5955
5977
5985
5987
6002
6012
6053
6050
6053
6061
6045
6059
6002
6004
5993
5985
5972
5943
5910
5919
5887
5850
5813
5809
5821
5747
5722
5704
5658
5612
5544
5539
5497
5419
5294
5284
5154
5051
4950
4951
4898
4820
4610
4609
4398
3920
3779
3768
3664
3379
3313
3311
3285
3113
2681
2653
2613
2568
2546
2549
2753
2827
3002
3034
3285
3557
3771
3793
4066
4823
5112
5138
5462
5581
5708
5729
5784
5861
5936
5950