0.10329,0.15708,0.25708
0.051534,0.15708,0.41416
0.19098,0.15708,0.57124
0.38075,0.15708,0.72832
0.24916,0.15708,0.8854
0.29931,0.15708,1.0425
0.47646,0.15708,1.1996
0.5259,0.15708,1.3566
0.45859,0.15708,1.5137
0.47982,0.15708,1.6708
0.25782,0.15708,1.8279
0.48078,0.15708,1.985
0.74157,0.15708,2.142
0.58778,0.15708,2.2991
0.7155,0.15708,2.4562
0.66245,0.15708,2.6133
0.49451,0.15708,2.7704
0.32781,0.15708,2.9274
0.55426,0.15708,3.0845
0.52734,0.15708,3.2416
0.61436,0.15708,3.3987
0.46899,0.15708,3.5558
0.48922,0.15708,3.7128
0.5796,0.15708,3.8699
0.4141,0.15708,4.027
0.63194,0.15708,4.1841
0.61329,0.15708,4.3412
0.47998,0.15708,4.4982
0.72404,0.15708,4.6553
0.67313,0.15708,4.8124
0.63376,0.15708,4.9695
0.70773,0.15708,5.1265
0.71967,0.15708,5.2836
0.71533,0.15708,5.4407
0.84631,0.15708,5.5978
0.883,0.15708,5.7549
0.84758,0.15708,5.9119
1.0418,0.15708,6.069
1.115,0.15708,6.2261
0.96353,0.15708,6.3832
0.96074,0.15708,6.5403
1.0568,0.15708,6.6973
1.1129,0.15708,6.8544
1.0336,0.15708,7.0115
1.2661,0.15708,7.1686
1.3529,0.15708,7.3257
1.2991,0.15708,7.4827
1.5522,0.15708,7.6398
1.3642,0.15708,7.7969
1.4205,0.15708,7.954
1.5359,0.15708,8.1111
1.5569,0.15708,8.2681
1.5786,0.15708,8.4252
1.5248,0.15708,8.5823
1.5929,0.15708,8.7394
1.4494,0.15708,8.8965
1.6981,0.15708,9.0535
1.5977,0.15708,9.2106
1.347,0.15708,9.3677
1.495,0.15708,9.5248
0.22581,0.31416,0.25708
0.36227,0.31416,0.41416
0.69481,0.31416,0.57124
0.45492,0.31416,0.72832
0.49666,0.31416,0.8854
0.62731,0.31416,1.0425
0.66869,0.31416,1.1996
0.78269,0.31416,1.3566
0.82954,0.31416,1.5137
0.71432,0.31416,1.6708
1.1441,0.31416,1.8279
1.0319,0.31416,1.985
1.0366,0.31416,2.142
0.89605,0.31416,2.2991
1.0343,0.31416,2.4562
1.1198,0.31416,2.6133
1.0389,0.31416,2.7704
0.84742,0.31416,2.9274
1.1295,0.31416,3.0845
0.99137,0.31416,3.2416
0.88658,0.31416,3.3987
0.96176,0.31416,3.5558
0.94549,0.31416,3.7128
0.91978,0.31416,3.8699
1.0276,0.31416,4.027
0.99018,0.31416,4.1841
1.0064,0.31416,4.3412
1.1588,0.31416,4.4982
1.1367,0.31416,4.6553
1.1646,0.31416,4.8124
1.0216,0.31416,4.9695
1.2094,0.31416,5.1265
1.2293,0.31416,5.2836
1.356,0.31416,5.4407
1.7184,0.31416,5.5978
1.6021,0.31416,5.7549
1.5538,0.31416,5.9119
1.9113,0.31416,6.069
2.1242,0.31416,6.2261
1.8693,0.31416,6.3832
2.3482,0.31416,6.5403
2.1937,0.31416,6.6973
2.3962,0.31416,6.8544
2.5128,0.31416,7.0115
2.5736,0.31416,7.1686
2.6823,0.31416,7.3257
2.8409,0.31416,7.4827
2.7058,0.31416,7.6398
2.7454,0.31416,7.7969
3.0885,0.31416,7.954
2.9226,0.31416,8.1111
2.8841,0.31416,8.2681
2.8715,0.31416,8.4252
3.1134,0.31416,8.5823
3.0105,0.31416,8.7394
2.8574,0.31416,8.8965
2.9194,0.31416,9.0535
2.9415,0.31416,9.2106
3.0215,0.31416,9.3677
2.9147,0.31416,9.5248
0.20712,0.47124,0.25708
0.57054,0.47124,0.41416
0.6661,0.47124,0.57124
0.77437,0.47124,0.72832
0.95874,0.47124,0.8854
1.1203,0.47124,1.0425
1.0839,0.47124,1.1996
1.1718,0.47124,1.3566
1.3126,0.47124,1.5137
1.4604,0.47124,1.6708
1.3464,0.47124,1.8279
1.4912,0.47124,1.985
1.5054,0.47124,2.142
1.4349,0.47124,2.2991
1.3777,0.47124,2.4562
1.61,0.47124,2.6133
1.4347,0.47124,2.7704
1.5536,0.47124,2.9274
1.3252,0.47124,3.0845
1.5595,0.47124,3.2416
1.3708,0.47124,3.3987
1.4931,0.47124,3.5558
1.242,0.47124,3.7128
1.596,0.47124,3.8699
1.3112,0.47124,4.027
1.2694,0.47124,4.1841
1.3334,0.47124,4.3412
1.5936,0.47124,4.4982
1.616,0.47124,4.6553
1.5154,0.47124,4.8124
1.9123,0.47124,4.9695
1.7727,0.47124,5.1265
1.9738,0.47124,5.2836
2.0196,0.47124,5.4407
2.2618,0.47124,5.5978
2.2616,0.47124,5.7549
2.6393,0.47124,5.9119
2.7938,0.47124,6.069
2.8867,0.47124,6.2261
3.1434,0.47124,6.3832
3.1053,0.47124,6.5403
3.3166,0.47124,6.6973
3.6187,0.47124,6.8544
3.4381,0.47124,7.0115
3.7012,0.47124,7.1686
3.8744,0.47124,7.3257
3.9631,0.47124,7.4827
4.0448,0.47124,7.6398
4.1958,0.47124,7.7969
4.334,0.47124,7.954
4.3504,0.47124,8.1111
4.3267,0.47124,8.2681
4.3364,0.47124,8.4252
4.4154,0.47124,8.5823
4.2663,0.47124,8.7394
4.4408,0.47124,8.8965
4.3148,0.47124,9.0535
4.424,0.47124,9.2106
4.3216,0.47124,9.3677
4.3208,0.47124,9.5248
0.35292,0.62832,0.25708
0.62239,0.62832,0.41416
0.7997,0.62832,0.57124
0.99246,0.62832,0.72832
1.0746,0.62832,0.8854
1.3765,0.62832,1.0425
1.5003,0.62832,1.1996
1.3282,0.62832,1.3566
1.6526,0.62832,1.5137
1.6881,0.62832,1.6708
1.8559,0.62832,1.8279
1.9243,0.62832,1.985
2.0151,0.62832,2.142
1.8596,0.62832,2.2991
1.9102,0.62832,2.4562
1.8691,0.62832,2.6133
1.8704,0.62832,2.7704
1.9228,0.62832,2.9274
1.8244,0.62832,3.0845
1.9177,0.62832,3.2416
1.8645,0.62832,3.3987
1.87,0.62832,3.5558
1.7732,0.62832,3.7128
1.8965,0.62832,3.8699
1.9368,0.62832,4.027
2.0781,0.62832,4.1841
2.017,0.62832,4.3412
2.0244,0.62832,4.4982
2.1924,0.62832,4.6553
2.3176,0.62832,4.8124
2.1945,0.62832,4.9695
2.3049,0.62832,5.1265
2.4968,0.62832,5.2836
2.7444,0.62832,5.4407
2.9599,0.62832,5.5978
3.0429,0.62832,5.7549
3.25,0.62832,5.9119
3.5447,0.62832,6.069
3.8036,0.62832,6.2261
3.9569,0.62832,6.3832
3.9964,0.62832,6.5403
4.3686,0.62832,6.6973
4.489,0.62832,6.8544
4.6118,0.62832,7.0115
5.0329,0.62832,7.1686
4.9065,0.62832,7.3257
5.1293,0.62832,7.4827
5.2391,0.62832,7.6398
5.3943,0.62832,7.7969
5.2773,0.62832,7.954
5.5426,0.62832,8.1111
5.5523,0.62832,8.2681
5.7235,0.62832,8.4252
5.6548,0.62832,8.5823
5.6615,0.62832,8.7394
5.6554,0.62832,8.8965
5.5798,0.62832,9.0535
5.7363,0.62832,9.2106
5.7405,0.62832,9.3677
5.6467,0.62832,9.5248
0.40759,0.7854,0.25708
0.85945,0.7854,0.41416
0.59262,0.7854,0.57124
1.2196,0.7854,0.72832
1.3551,0.7854,0.8854
1.4261,0.7854,1.0425
1.6114,0.7854,1.1996
1.8301,0.7854,1.3566
1.8954,0.7854,1.5137
2.2389,0.7854,1.6708
2.3525,0.7854,1.8279
2.0837,0.7854,1.985
2.2539,0.7854,2.142
2.2255,0.7854,2.2991
2.3748,0.7854,2.4562
2.2552,0.7854,2.6133
2.3281,0.7854,2.7704
2.215,0.7854,2.9274
2.2917,0.7854,3.0845
2.1253,0.7854,3.2416
2.1567,0.7854,3.3987
2.2747,0.7854,3.5558
2.1688,0.7854,3.7128
2.2298,0.7854,3.8699
2.3065,0.7854,4.027
2.4097,0.7854,4.1841
2.1518,0.7854,4.3412
2.4897,0.7854,4.4982
2.2962,0.7854,4.6553
2.6137,0.7854,4.8124
2.842,0.7854,4.9695
2.9347,0.7854,5.1265
3.0312,0.7854,5.2836
3.2291,0.7854,5.4407
3.4611,0.7854,5.5978
3.6277,0.7854,5.7549
3.844,0.7854,5.9119
4.0716,0.7854,6.069
4.4853,0.7854,6.2261
4.6426,0.7854,6.3832
4.8703,0.7854,6.5403
5.1907,0.7854,6.6973
5.47,0.7854,6.8544
5.5671,0.7854,7.0115
5.8648,0.7854,7.1686
5.8613,0.7854,7.3257
6.1075,0.7854,7.4827
6.1028,0.7854,7.6398
6.4516,0.7854,7.7969
6.5683,0.7854,7.954
6.7193,0.7854,8.1111
6.7342,0.7854,8.2681
6.4193,0.7854,8.4252
6.7698,0.7854,8.5823
6.844,0.7854,8.7394
6.8223,0.7854,8.8965
6.8152,0.7854,9.0535
6.6645,0.7854,9.2106
6.6683,0.7854,9.3677
6.7832,0.7854,9.5248
0.5383,0.94248,0.25708
0.9367,0.94248,0.41416
1.2488,0.94248,0.57124
1.1848,0.94248,0.72832
1.5326,0.94248,0.8854
1.6027,0.94248,1.0425
2.0241,0.94248,1.1996
2.1919,0.94248,1.3566
2.1618,0.94248,1.5137
2.4811,0.94248,1.6708
2.4551,0.94248,1.8279
2.5856,0.94248,1.985
2.8829,0.94248,2.142
2.6417,0.94248,2.2991
2.6635,0.94248,2.4562
2.6813,0.94248,2.6133
2.838,0.94248,2.7704
2.6729,0.94248,2.9274
2.3445,0.94248,3.0845
2.5461,0.94248,3.2416
2.5625,0.94248,3.3987
2.4735,0.94248,3.5558
2.4171,0.94248,3.7128
2.4859,0.94248,3.8699
2.4554,0.94248,4.027
2.7262,0.94248,4.1841
2.7807,0.94248,4.3412
2.8576,0.94248,4.4982
2.9839,0.94248,4.6553
3.0657,0.94248,4.8124
3.1326,0.94248,4.9695
3.1754,0.94248,5.1265
3.6172,0.94248,5.2836
3.8462,0.94248,5.4407
4.0771,0.94248,5.5978
4.1735,0.94248,5.7549
4.4862,0.94248,5.9119
4.716,0.94248,6.069
5.1713,0.94248,6.2261
5.3061,0.94248,6.3832
5.4799,0.94248,6.5403
5.9113,0.94248,6.6973
6.1865,0.94248,6.8544
6.6189,0.94248,7.0115
6.7036,0.94248,7.1686
6.9175,0.94248,7.3257
7.1689,0.94248,7.4827
7.148,0.94248,7.6398
7.4482,0.94248,7.7969
7.3416,0.94248,7.954
7.56,0.94248,8.1111
7.7231,0.94248,8.2681
7.5624,0.94248,8.4252
7.6618,0.94248,8.5823
7.7058,0.94248,8.7394
7.7363,0.94248,8.8965
7.8214,0.94248,9.0535
7.4573,0.94248,9.2106
7.6575,0.94248,9.3677
7.8028,0.94248,9.5248
0.49675,1.0996,0.25708
0.81596,1.0996,0.41416
1.0615,1.0996,0.57124
1.4372,1.0996,0.72832
1.8867,1.0996,0.8854
1.856,1.0996,1.0425
2.1622,1.0996,1.1996
2.2427,1.0996,1.3566
2.386,1.0996,1.5137
2.6356,1.0996,1.6708
2.5468,1.0996,1.8279
2.85,1.0996,1.985
2.9065,1.0996,2.142
2.9924,1.0996,2.2991
2.7794,1.0996,2.4562
2.9585,1.0996,2.6133
2.959,1.0996,2.7704
3.0126,1.0996,2.9274
3.0094,1.0996,3.0845
2.9367,1.0996,3.2416
2.9843,1.0996,3.3987
2.8338,1.0996,3.5558
2.9188,1.0996,3.7128
2.6876,1.0996,3.8699
2.8201,1.0996,4.027
2.7862,1.0996,4.1841
3.0392,1.0996,4.3412
3.0515,1.0996,4.4982
3.1669,1.0996,4.6553
3.3242,1.0996,4.8124
3.3858,1.0996,4.9695
3.5947,1.0996,5.1265
3.7652,1.0996,5.2836
4.1599,1.0996,5.4407
4.4113,1.0996,5.5978
4.6404,1.0996,5.7549
4.8399,1.0996,5.9119
5.1935,1.0996,6.069
5.6793,1.0996,6.2261
5.7338,1.0996,6.3832
6.1516,1.0996,6.5403
6.4291,1.0996,6.6973
6.6501,1.0996,6.8544
7.0311,1.0996,7.0115
7.3725,1.0996,7.1686
7.4696,1.0996,7.3257
7.7948,1.0996,7.4827
7.9368,1.0996,7.6398
8.1302,1.0996,7.7969
8.1102,1.0996,7.954
8.3178,1.0996,8.1111
8.4037,1.0996,8.2681
8.4521,1.0996,8.4252
8.563,1.0996,8.5823
8.5474,1.0996,8.7394
8.4871,1.0996,8.8965
8.6828,1.0996,9.0535
8.4717,1.0996,9.2106
8.6471,1.0996,9.3677
8.4199,1.0996,9.5248
0.74721,1.2566,0.25708
1.0347,1.2566,0.41416
1.3269,1.2566,0.57124
1.5569,1.2566,0.72832
1.9301,1.2566,0.8854
2.0058,1.2566,1.0425
2.2375,1.2566,1.1996
2.3027,1.2566,1.3566
2.6455,1.2566,1.5137
2.7784,1.2566,1.6708
3.0034,1.2566,1.8279
2.9382,1.2566,1.985
3.1736,1.2566,2.142
3.3278,1.2566,2.2991
3.1129,1.2566,2.4562
3.1048,1.2566,2.6133
3.1081,1.2566,2.7704
3.1992,1.2566,2.9274
3.1962,1.2566,3.0845
3.1753,1.2566,3.2416
3.0182,1.2566,3.3987
3.104,1.2566,3.5558
3.1642,1.2566,3.7128
2.9835,1.2566,3.8699
3.0712,1.2566,4.027
3.0021,1.2566,4.1841
3.1497,1.2566,4.3412
3.3671,1.2566,4.4982
3.2759,1.2566,4.6553
3.4934,1.2566,4.8124
3.792,1.2566,4.9695
3.9631,1.2566,5.1265
4.1068,1.2566,5.2836
4.5052,1.2566,5.4407
4.6282,1.2566,5.5978
5.2197,1.2566,5.7549
5.392,1.2566,5.9119
5.7332,1.2566,6.069
6.0617,1.2566,6.2261
6.1579,1.2566,6.3832
6.637,1.2566,6.5403
6.7459,1.2566,6.6973
7.0814,1.2566,6.8544
7.4988,1.2566,7.0115
7.8407,1.2566,7.1686
7.853,1.2566,7.3257
8.2919,1.2566,7.4827
8.371,1.2566,7.6398
8.7478,1.2566,7.7969
8.9322,1.2566,7.954
9.1086,1.2566,8.1111
8.9762,1.2566,8.2681
9.0829,1.2566,8.4252
8.9124,1.2566,8.5823
9.1781,1.2566,8.7394
8.9924,1.2566,8.8965
8.932,1.2566,9.0535
8.9934,1.2566,9.2106
9.0748,1.2566,9.3677
9.1069,1.2566,9.5248
0.63986,1.4137,0.25708
1.1029,1.4137,0.41416
1.485,1.4137,0.57124
1.4321,1.4137,0.72832
1.7307,1.4137,0.8854
2.1467,1.4137,1.0425
2.3479,1.4137,1.1996
2.7492,1.4137,1.3566
2.7451,1.4137,1.5137
3.1516,1.4137,1.6708
3.1652,1.4137,1.8279
3.2297,1.4137,1.985
3.208,1.4137,2.142
3.153,1.4137,2.2991
3.1963,1.4137,2.4562
3.1308,1.4137,2.6133
3.3219,1.4137,2.7704
3.3268,1.4137,2.9274
3.3196,1.4137,3.0845
3.1737,1.4137,3.2416
3.2523,1.4137,3.3987
3.1405,1.4137,3.5558
3.0724,1.4137,3.7128
3.0978,1.4137,3.8699
3.1846,1.4137,4.027
3.1697,1.4137,4.1841
3.2518,1.4137,4.3412
3.3244,1.4137,4.4982
3.4054,1.4137,4.6553
3.7988,1.4137,4.8124
3.9527,1.4137,4.9695
4.1318,1.4137,5.1265
4.3007,1.4137,5.2836
4.3914,1.4137,5.4407
4.7571,1.4137,5.5978
5.0237,1.4137,5.7549
5.546,1.4137,5.9119
5.8393,1.4137,6.069
6.2119,1.4137,6.2261
6.5994,1.4137,6.3832
6.9139,1.4137,6.5403
7.2769,1.4137,6.6973
7.6502,1.4137,6.8544
7.8251,1.4137,7.0115
8.2185,1.4137,7.1686
8.39,1.4137,7.3257
8.5278,1.4137,7.4827
8.9773,1.4137,7.6398
9.1259,1.4137,7.7969
9.221,1.4137,7.954
9.2841,1.4137,8.1111
9.1133,1.4137,8.2681
9.4726,1.4137,8.4252
9.5619,1.4137,8.5823
9.4774,1.4137,8.7394
9.6344,1.4137,8.8965
9.5154,1.4137,9.0535
9.5324,1.4137,9.2106
9.5092,1.4137,9.3677
9.3619,1.4137,9.5248
0.83356,1.5708,0.25708
0.93506,1.5708,0.41416
1.4026,1.5708,0.57124
1.7454,1.5708,0.72832
2.004,1.5708,0.8854
2.2871,1.5708,1.0425
2.4311,1.5708,1.1996
2.555,1.5708,1.3566
2.9849,1.5708,1.5137
2.8008,1.5708,1.6708
3.085,1.5708,1.8279
3.0486,1.5708,1.985
3.1777,1.5708,2.142
3.4038,1.5708,2.2991
3.2484,1.5708,2.4562
3.2876,1.5708,2.6133
3.3979,1.5708,2.7704
3.3747,1.5708,2.9274
3.2601,1.5708,3.0845
3.2822,1.5708,3.2416
3.1932,1.5708,3.3987
3.0026,1.5708,3.5558
3.1874,1.5708,3.7128
3.3453,1.5708,3.8699
3.1824,1.5708,4.027
3.1893,1.5708,4.1841
3.313,1.5708,4.3412
3.4779,1.5708,4.4982
3.4523,1.5708,4.6553
3.7222,1.5708,4.8124
3.9851,1.5708,4.9695
4.1665,1.5708,5.1265
4.4683,1.5708,5.2836
4.7839,1.5708,5.4407
4.8819,1.5708,5.5978
5.3462,1.5708,5.7549
5.6199,1.5708,5.9119
5.8537,1.5708,6.069
6.397,1.5708,6.2261
6.5319,1.5708,6.3832
7.0298,1.5708,6.5403
7.3301,1.5708,6.6973
7.8305,1.5708,6.8544
7.872,1.5708,7.0115
8.2458,1.5708,7.1686
8.3448,1.5708,7.3257
8.8706,1.5708,7.4827
8.8586,1.5708,7.6398
9.0414,1.5708,7.7969
9.218,1.5708,7.954
9.5607,1.5708,8.1111
9.6076,1.5708,8.2681
9.65,1.5708,8.4252
9.5963,1.5708,8.5823
9.7757,1.5708,8.7394
9.5836,1.5708,8.8965
9.5383,1.5708,9.0535
9.5191,1.5708,9.2106
9.552,1.5708,9.3677
9.3088,1.5708,9.5248
0.63462,1.7279,0.25708
0.725,1.7279,0.41416
1.3879,1.7279,0.57124
1.629,1.7279,0.72832
1.9853,1.7279,0.8854
2.2821,1.7279,1.0425
2.5722,1.7279,1.1996
2.6326,1.7279,1.3566
2.7979,1.7279,1.5137
3.0164,1.7279,1.6708
3.2539,1.7279,1.8279
3.0513,1.7279,1.985
3.1292,1.7279,2.142
3.1646,1.7279,2.2991
3.3714,1.7279,2.4562
3.1575,1.7279,2.6133
3.1705,1.7279,2.7704
3.354,1.7279,2.9274
3.256,1.7279,3.0845
3.3221,1.7279,3.2416
3.3789,1.7279,3.3987
3.0793,1.7279,3.5558
3.1211,1.7279,3.7128
3.1727,1.7279,3.8699
3.3893,1.7279,4.027
3.1722,1.7279,4.1841
3.2082,1.7279,4.3412
3.2063,1.7279,4.4982
3.5775,1.7279,4.6553
3.6204,1.7279,4.8124
3.7063,1.7279,4.9695
4.3451,1.7279,5.1265
4.3674,1.7279,5.2836
4.5863,1.7279,5.4407
4.9294,1.7279,5.5978
5.3173,1.7279,5.7549
5.4921,1.7279,5.9119
6.0475,1.7279,6.069
5.9751,1.7279,6.2261
6.512,1.7279,6.3832
7.0173,1.7279,6.5403
7.1562,1.7279,6.6973
7.4803,1.7279,6.8544
7.8073,1.7279,7.0115
8.0896,1.7279,7.1686
8.5436,1.7279,7.3257
8.4951,1.7279,7.4827
9.0311,1.7279,7.6398
8.9959,1.7279,7.7969
9.2639,1.7279,7.954
9.3936,1.7279,8.1111
9.3669,1.7279,8.2681
9.4912,1.7279,8.4252
9.3893,1.7279,8.5823
9.6661,1.7279,8.7394
9.4308,1.7279,8.8965
9.5131,1.7279,9.0535
9.4653,1.7279,9.2106
9.2482,1.7279,9.3677
9.377,1.7279,9.5248
0.63002,1.885,0.25708
1.0722,1.885,0.41416
1.2949,1.885,0.57124
1.6025,1.885,0.72832
2.0341,1.885,0.8854
1.9927,1.885,1.0425
2.4185,1.885,1.1996
2.67,1.885,1.3566
2.7563,1.885,1.5137
3.0376,1.885,1.6708
3.0479,1.885,1.8279
3.062,1.885,1.985
3.1306,1.885,2.142
3.2029,1.885,2.2991
3.1094,1.885,2.4562
3.2512,1.885,2.6133
3.2484,1.885,2.7704
3.2714,1.885,2.9274
3.1278,1.885,3.0845
3.0932,1.885,3.2416
3.169,1.885,3.3987
3.114,1.885,3.5558
3.0251,1.885,3.7128
3.1538,1.885,3.8699
2.8715,1.885,4.027
3.0344,1.885,4.1841
3.0182,1.885,4.3412
3.4122,1.885,4.4982
3.415,1.885,4.6553
3.5873,1.885,4.8124
3.6846,1.885,4.9695
3.971,1.885,5.1265
4.1812,1.885,5.2836
4.5073,1.885,5.4407
4.8556,1.885,5.5978
5.1425,1.885,5.7549
5.3482,1.885,5.9119
5.589,1.885,6.069
5.8035,1.885,6.2261
6.3376,1.885,6.3832
6.626,1.885,6.5403
7.0931,1.885,6.6973
7.2912,1.885,6.8544
7.5661,1.885,7.0115
7.8305,1.885,7.1686
8.1773,1.885,7.3257
8.3512,1.885,7.4827
8.6066,1.885,7.6398
8.828,1.885,7.7969
8.9737,1.885,7.954
8.9662,1.885,8.1111
8.9331,1.885,8.2681
9.0541,1.885,8.4252
9.1804,1.885,8.5823
9.0897,1.885,8.7394
9.2148,1.885,8.8965
9.2391,1.885,9.0535
9.3018,1.885,9.2106
9.108,1.885,9.3677
9.1542,1.885,9.5248
0.74162,2.042,0.25708
1.0087,2.042,0.41416
1.0957,2.042,0.57124
1.4699,2.042,0.72832
1.7962,2.042,0.8854
1.9416,2.042,1.0425
2.267,2.042,1.1996
2.5053,2.042,1.3566
2.5549,2.042,1.5137
2.6655,2.042,1.6708
2.6121,2.042,1.8279
3.1027,2.042,1.985
3.0027,2.042,2.142
2.9468,2.042,2.2991
3.0017,2.042,2.4562
3.0984,2.042,2.6133
3.063,2.042,2.7704
2.9948,2.042,2.9274
2.9836,2.042,3.0845
2.9134,2.042,3.2416
2.9843,2.042,3.3987
2.9921,2.042,3.5558
2.9584,2.042,3.7128
2.9972,2.042,3.8699
2.9138,2.042,4.027
3.2001,2.042,4.1841
3.1668,2.042,4.3412
3.1013,2.042,4.4982
3.2789,2.042,4.6553
3.3339,2.042,4.8124
3.4483,2.042,4.9695
3.9361,2.042,5.1265
3.9312,2.042,5.2836
4.3907,2.042,5.4407
4.3817,2.042,5.5978
4.6958,2.042,5.7549
4.9329,2.042,5.9119
5.4882,2.042,6.069
5.6754,2.042,6.2261
5.8696,2.042,6.3832
6.2835,2.042,6.5403
6.5195,2.042,6.6973
6.748,2.042,6.8544
7.1415,2.042,7.0115
7.3803,2.042,7.1686
7.5271,2.042,7.3257
7.8927,2.042,7.4827
8.0227,2.042,7.6398
8.2099,2.042,7.7969
8.1781,2.042,7.954
8.4978,2.042,8.1111
8.5218,2.042,8.2681
8.483,2.042,8.4252
8.7156,2.042,8.5823
8.5684,2.042,8.7394
8.719,2.042,8.8965
8.6184,2.042,9.0535
8.8499,2.042,9.2106
8.4522,2.042,9.3677
8.5777,2.042,9.5248
0.63247,2.1991,0.25708
0.68826,2.1991,0.41416
0.94512,2.1991,0.57124
1.3962,2.1991,0.72832
1.6545,2.1991,0.8854
1.644,2.1991,1.0425
1.8281,2.1991,1.1996
2.367,2.1991,1.3566
2.2945,2.1991,1.5137
2.5384,2.1991,1.6708
2.7678,2.1991,1.8279
2.6213,2.1991,1.985
2.6747,2.1991,2.142
2.8282,2.1991,2.2991
2.7968,2.1991,2.4562
2.7104,2.1991,2.6133
2.9437,2.1991,2.7704
2.6691,2.1991,2.9274
2.8708,2.1991,3.0845
2.7759,2.1991,3.2416
2.6215,2.1991,3.3987
2.6114,2.1991,3.5558
2.513,2.1991,3.7128
2.74,2.1991,3.8699
2.6872,2.1991,4.027
2.6955,2.1991,4.1841
2.807,2.1991,4.3412
2.8513,2.1991,4.4982
2.9868,2.1991,4.6553
2.9151,2.1991,4.8124
3.307,2.1991,4.9695
3.4525,2.1991,5.1265
3.7367,2.1991,5.2836
3.8589,2.1991,5.4407
4.059,2.1991,5.5978
4.2675,2.1991,5.7549
4.6271,2.1991,5.9119
4.907,2.1991,6.069
5.3276,2.1991,6.2261
5.5985,2.1991,6.3832
5.6554,2.1991,6.5403
5.8575,2.1991,6.6973
6.3532,2.1991,6.8544
6.5365,2.1991,7.0115
6.8251,2.1991,7.1686
7.0092,2.1991,7.3257
7.276,2.1991,7.4827
7.289,2.1991,7.6398
7.3892,2.1991,7.7969
7.5662,2.1991,7.954
7.7218,2.1991,8.1111
7.9068,2.1991,8.2681
7.8602,2.1991,8.4252
7.8304,2.1991,8.5823
7.885,2.1991,8.7394
7.7607,2.1991,8.8965
8.0374,2.1991,9.0535
7.8065,2.1991,9.2106
7.963,2.1991,9.3677
7.7906,2.1991,9.5248
0.61158,2.3562,0.25708
0.67848,2.3562,0.41416
1.0725,2.3562,0.57124
1.1688,2.3562,0.72832
1.4542,2.3562,0.8854
1.7203,2.3562,1.0425
1.9514,2.3562,1.1996
1.9464,2.3562,1.3566
2.015,2.3562,1.5137
2.1171,2.3562,1.6708
2.1651,2.3562,1.8279
2.2976,2.3562,1.985
2.3725,2.3562,2.142
2.3333,2.3562,2.2991
2.5855,2.3562,2.4562
2.6018,2.3562,2.6133
2.4588,2.3562,2.7704
2.2842,2.3562,2.9274
2.4161,2.3562,3.0845
2.4005,2.3562,3.2416
2.4605,2.3562,3.3987
2.2195,2.3562,3.5558
2.1979,2.3562,3.7128
2.4231,2.3562,3.8699
2.3728,2.3562,4.027
2.5108,2.3562,4.1841
2.3978,2.3562,4.3412
2.4016,2.3562,4.4982
2.6698,2.3562,4.6553
2.7214,2.3562,4.8124
2.9764,2.3562,4.9695
2.9724,2.3562,5.1265
3.1961,2.3562,5.2836
3.3924,2.3562,5.4407
3.6626,2.3562,5.5978
3.9959,2.3562,5.7549
3.9989,2.3562,5.9119
4.1667,2.3562,6.069
4.5349,2.3562,6.2261
4.7569,2.3562,6.3832
5.1011,2.3562,6.5403
5.2117,2.3562,6.6973
5.5294,2.3562,6.8544
5.7976,2.3562,7.0115
6.0048,2.3562,7.1686
6.0382,2.3562,7.3257
6.2189,2.3562,7.4827
6.1419,2.3562,7.6398
6.4678,2.3562,7.7969
6.6412,2.3562,7.954
6.8982,2.3562,8.1111
6.7347,2.3562,8.2681
6.866,2.3562,8.4252
6.8477,2.3562,8.5823
6.8374,2.3562,8.7394
6.6598,2.3562,8.8965
6.8695,2.3562,9.0535
6.8186,2.3562,9.2106
7.0143,2.3562,9.3677
6.8505,2.3562,9.5248
0.52205,2.5133,0.25708
0.76373,2.5133,0.41416
1.0919,2.5133,0.57124
1.0208,2.5133,0.72832
1.2576,2.5133,0.8854
1.6064,2.5133,1.0425
1.5728,2.5133,1.1996
1.8244,2.5133,1.3566
1.9045,2.5133,1.5137
1.968,2.5133,1.6708
1.997,2.5133,1.8279
2.0545,2.5133,1.985
1.9918,2.5133,2.142
2.0603,2.5133,2.2991
2.0182,2.5133,2.4562
2.0696,2.5133,2.6133
2.2348,2.5133,2.7704
2.1681,2.5133,2.9274
2.1492,2.5133,3.0845
2.0205,2.5133,3.2416
2.0412,2.5133,3.3987
2.0464,2.5133,3.5558
1.8984,2.5133,3.7128
1.9673,2.5133,3.8699
2.0945,2.5133,4.027
2.1022,2.5133,4.1841
2.1964,2.5133,4.3412
2.1769,2.5133,4.4982
2.1648,2.5133,4.6553
2.3718,2.5133,4.8124
2.3499,2.5133,4.9695
2.421,2.5133,5.1265
2.6663,2.5133,5.2836
2.7606,2.5133,5.4407
3.1256,2.5133,5.5978
3.1497,2.5133,5.7549
3.3486,2.5133,5.9119
3.5711,2.5133,6.069
3.7189,2.5133,6.2261
4.1018,2.5133,6.3832
4.1417,2.5133,6.5403
4.4577,2.5133,6.6973
4.5188,2.5133,6.8544
4.6038,2.5133,7.0115
4.9589,2.5133,7.1686
4.9901,2.5133,7.3257
5.2514,2.5133,7.4827
5.4285,2.5133,7.6398
5.431,2.5133,7.7969
5.4374,2.5133,7.954
5.6405,2.5133,8.1111
5.92,2.5133,8.2681
5.7903,2.5133,8.4252
5.8588,2.5133,8.5823
5.7272,2.5133,8.7394
5.8212,2.5133,8.8965
5.7714,2.5133,9.0535
5.6552,2.5133,9.2106
5.7436,2.5133,9.3677
5.7482,2.5133,9.5248
0.38541,2.6704,0.25708
0.54224,2.6704,0.41416
0.64498,2.6704,0.57124
0.89088,2.6704,0.72832
1.1628,2.6704,0.8854
1.0752,2.6704,1.0425
1.2289,2.6704,1.1996
1.4254,2.6704,1.3566
1.5191,2.6704,1.5137
1.4965,2.6704,1.6708
1.4611,2.6704,1.8279
1.7003,2.6704,1.985
1.6623,2.6704,2.142
1.6709,2.6704,2.2991
1.7022,2.6704,2.4562
1.6091,2.6704,2.6133
1.7384,2.6704,2.7704
1.7479,2.6704,2.9274
1.6333,2.6704,3.0845
1.5634,2.6704,3.2416
1.6026,2.6704,3.3987
1.5573,2.6704,3.5558
1.4631,2.6704,3.7128
1.6366,2.6704,3.8699
1.7467,2.6704,4.027
1.7938,2.6704,4.1841
1.7149,2.6704,4.3412
1.7948,2.6704,4.4982
1.7286,2.6704,4.6553
1.979,2.6704,4.8124
2.0512,2.6704,4.9695
2.0951,2.6704,5.1265
2.2083,2.6704,5.2836
2.3342,2.6704,5.4407
2.3024,2.6704,5.5978
2.5304,2.6704,5.7549
2.7796,2.6704,5.9119
2.7031,2.6704,6.069
2.9234,2.6704,6.2261
3.145,2.6704,6.3832
3.3463,2.6704,6.5403
3.4875,2.6704,6.6973
3.8065,2.6704,6.8544
3.7437,2.6704,7.0115
3.8724,2.6704,7.1686
4.1709,2.6704,7.3257
4.1461,2.6704,7.4827
4.1401,2.6704,7.6398
4.3821,2.6704,7.7969
4.3018,2.6704,7.954
4.4811,2.6704,8.1111
4.4097,2.6704,8.2681
4.2979,2.6704,8.4252
4.5258,2.6704,8.5823
4.5365,2.6704,8.7394
4.4561,2.6704,8.8965
4.5707,2.6704,9.0535
4.4877,2.6704,9.2106
4.4587,2.6704,9.3677
4.5071,2.6704,9.5248
0.35355,2.8274,0.25708
0.53236,2.8274,0.41416
0.55849,2.8274,0.57124
0.57413,2.8274,0.72832
0.52831,2.8274,0.8854
0.89192,2.8274,1.0425
0.94999,2.8274,1.1996
1.1434,2.8274,1.3566
1.1667,2.8274,1.5137
1.095,2.8274,1.6708
1.1998,2.8274,1.8279
1.2957,2.8274,1.985
1.2408,2.8274,2.142
1.4298,2.8274,2.2991
1.2134,2.8274,2.4562
1.3056,2.8274,2.6133
1.1503,2.8274,2.7704
1.1977,2.8274,2.9274
1.3063,2.8274,3.0845
1.194,2.8274,3.2416
1.2813,2.8274,3.3987
1.0275,2.8274,3.5558
1.2753,2.8274,3.7128
1.1211,2.8274,3.8699
1.1143,2.8274,4.027
0.98289,2.8274,4.1841
1.1379,2.8274,4.3412
1.3544,2.8274,4.4982
1.4074,2.8274,4.6553
1.2015,2.8274,4.8124
1.3961,2.8274,4.9695
1.5647,2.8274,5.1265
1.5025,2.8274,5.2836
1.7762,2.8274,5.4407
1.8998,2.8274,5.5978
1.766,2.8274,5.7549
1.9348,2.8274,5.9119
2.0915,2.8274,6.069
2.2396,2.8274,6.2261
2.1948,2.8274,6.3832
2.2815,2.8274,6.5403
2.4381,2.8274,6.6973
2.6154,2.8274,6.8544
2.494,2.8274,7.0115
2.8208,2.8274,7.1686
2.8861,2.8274,7.3257
2.951,2.8274,7.4827
2.9693,2.8274,7.6398
2.8995,2.8274,7.7969
3.0722,2.8274,7.954
2.944,2.8274,8.1111
3.0862,2.8274,8.2681
3.2926,2.8274,8.4252
3.2216,2.8274,8.5823
3.1224,2.8274,8.7394
3.2774,2.8274,8.8965
3.2132,2.8274,9.0535
3.0518,2.8274,9.2106
3.1607,2.8274,9.3677
2.9801,2.8274,9.5248
0.22325,2.9845,0.25708
0.5112,2.9845,0.41416
0.39561,2.9845,0.57124
0.57066,2.9845,0.72832
0.53793,2.9845,0.8854
0.70031,2.9845,1.0425
0.7541,2.9845,1.1996
0.63983,2.9845,1.3566
0.5984,2.9845,1.5137
0.54615,2.9845,1.6708
0.77213,2.9845,1.8279
0.77131,2.9845,1.985
0.76262,2.9845,2.142
0.74292,2.9845,2.2991
0.78124,2.9845,2.4562
0.69906,2.9845,2.6133
0.90703,2.9845,2.7704
0.60166,2.9845,2.9274
0.75954,2.9845,3.0845
0.76747,2.9845,3.2416
0.67482,2.9845,3.3987
0.68366,2.9845,3.5558
0.67517,2.9845,3.7128
0.7619,2.9845,3.8699
0.92208,2.9845,4.027
0.54247,2.9845,4.1841
0.66791,2.9845,4.3412
0.62957,2.9845,4.4982
0.64564,2.9845,4.6553
0.84162,2.9845,4.8124
0.82666,2.9845,4.9695
0.97529,2.9845,5.1265
0.77927,2.9845,5.2836
0.95529,2.9845,5.4407
1.1242,2.9845,5.5978
1.1013,2.9845,5.7549
0.97299,2.9845,5.9119
1.0184,2.9845,6.069
1.0053,2.9845,6.2261
1.1547,2.9845,6.3832
1.043,2.9845,6.5403
1.2566,2.9845,6.6973
1.4744,2.9845,6.8544
1.5638,2.9845,7.0115
1.5445,2.9845,7.1686
1.541,2.9845,7.3257
1.6125,2.9845,7.4827
1.4576,2.9845,7.6398
1.7949,2.9845,7.7969
1.6841,2.9845,7.954
1.7863,2.9845,8.1111
1.7661,2.9845,8.2681
1.7221,2.9845,8.4252
1.6346,2.9845,8.5823
1.6731,2.9845,8.7394
1.6872,2.9845,8.8965
1.615,2.9845,9.0535
1.7102,2.9845,9.2106
1.7681,2.9845,9.3677
1.6413,2.9845,9.5248
0.28753,3.1416,0.25708
0.18625,3.1416,0.41416
0.42434,3.1416,0.57124
0.20477,3.1416,0.72832
0.3889,3.1416,0.8854
0.25535,3.1416,1.0425
0.2943,3.1416,1.1996
0.31865,3.1416,1.3566
0.36444,3.1416,1.5137
0.34933,3.1416,1.6708
0.14984,3.1416,1.8279
0.12915,3.1416,1.985
0.22213,3.1416,2.142
0.18556,3.1416,2.2991
0.14071,3.1416,2.4562
0.27678,3.1416,2.6133
0.17646,3.1416,2.7704
0.23907,3.1416,2.9274
0.42523,3.1416,3.0845
0.18821,3.1416,3.2416
0.32624,3.1416,3.3987
0.09569,3.1416,3.5558
0.21695,3.1416,3.7128
0.2214,3.1416,3.8699
0.12053,3.1416,4.027
0.12922,3.1416,4.1841
0.32155,3.1416,4.3412
0.31349,3.1416,4.4982
0.21758,3.1416,4.6553
0.2491,3.1416,4.8124
0.34201,3.1416,4.9695
0.32613,3.1416,5.1265
0.23927,3.1416,5.2836
0.1905,3.1416,5.4407
0.1194,3.1416,5.5978
0.25223,3.1416,5.7549
0.45156,3.1416,5.9119
0.16712,3.1416,6.069
0.30812,3.1416,6.2261
0.14343,3.1416,6.3832
0.076759,3.1416,6.5403
0.41072,3.1416,6.6973
0.30096,3.1416,6.8544
0.14753,3.1416,7.0115
0.34325,3.1416,7.1686
0.16555,3.1416,7.3257
0.10169,3.1416,7.4827
0.16015,3.1416,7.6398
0.40086,3.1416,7.7969
0.25679,3.1416,7.954
0.28961,3.1416,8.1111
0.36318,3.1416,8.2681
0.20898,3.1416,8.4252
0.19777,3.1416,8.5823
0.21982,3.1416,8.7394
0.39842,3.1416,8.8965
0.42107,3.1416,9.0535
0.34464,3.1416,9.2106
0.0027299,3.1416,9.3677
0.066714,3.1416,9.5248
0.28169,3.2987,0.25708
0.068096,3.2987,0.41416
0.17814,3.2987,0.57124
-0.084545,3.2987,0.72832
-0.17834,3.2987,0.8854
0.022493,3.2987,1.0425
-0.05393,3.2987,1.1996
-0.17256,3.2987,1.3566
-0.11268,3.2987,1.5137
-0.37466,3.2987,1.6708
-0.10283,3.2987,1.8279
-0.26798,3.2987,1.985
-0.11144,3.2987,2.142
-0.32488,3.2987,2.2991
-0.15702,3.2987,2.4562
-0.22416,3.2987,2.6133
-0.37145,3.2987,2.7704
-0.39418,3.2987,2.9274
-0.1766,3.2987,3.0845
-0.26068,3.2987,3.2416
-0.13721,3.2987,3.3987
-0.31553,3.2987,3.5558
-0.17486,3.2987,3.7128
-0.16161,3.2987,3.8699
-0.30786,3.2987,4.027
-0.13793,3.2987,4.1841
-0.22186,3.2987,4.3412
-0.2672,3.2987,4.4982
-0.3401,3.2987,4.6553
-0.26624,3.2987,4.8124
-0.33622,3.2987,4.9695
-0.32369,3.2987,5.1265
-0.41708,3.2987,5.2836
-0.62227,3.2987,5.4407
-0.59584,3.2987,5.5978
-0.47381,3.2987,5.7549
-0.57705,3.2987,5.9119
-0.76118,3.2987,6.069
-0.73311,3.2987,6.2261
-0.71542,3.2987,6.3832
-0.9094,3.2987,6.5403
-0.81286,3.2987,6.6973
-0.93705,3.2987,6.8544
-0.9761,3.2987,7.0115
-1.0622,3.2987,7.1686
-1.0377,3.2987,7.3257
-0.94746,3.2987,7.4827
-1.0441,3.2987,7.6398
-1.2387,3.2987,7.7969
-1.2581,3.2987,7.954
-1.3578,3.2987,8.1111
-1.2018,3.2987,8.2681
-1.2115,3.2987,8.4252
-1.2672,3.2987,8.5823
-1.1587,3.2987,8.7394
-1.1703,3.2987,8.8965
-1.2496,3.2987,9.0535
-1.2451,3.2987,9.2106
-1.2164,3.2987,9.3677
-1.2573,3.2987,9.5248
-0.031294,3.4558,0.25708
-0.10008,3.4558,0.41416
-0.11007,3.4558,0.57124
-0.55244,3.4558,0.72832
-0.29697,3.4558,0.8854
-0.31771,3.4558,1.0425
-0.44695,3.4558,1.1996
-0.6057,3.4558,1.3566
-0.73142,3.4558,1.5137
-0.4787,3.4558,1.6708
-0.54473,3.4558,1.8279
-0.83346,3.4558,1.985
-0.72896,3.4558,2.142
-0.61678,3.4558,2.2991
-0.62996,3.4558,2.4562
-0.58158,3.4558,2.6133
-0.82923,3.4558,2.7704
-0.83523,3.4558,2.9274
-0.69189,3.4558,3.0845
-0.67055,3.4558,3.2416
-0.66025,3.4558,3.3987
-0.68471,3.4558,3.5558
-0.55166,3.4558,3.7128
-0.75398,3.4558,3.8699
-0.62413,3.4558,4.027
-0.64383,3.4558,4.1841
-1.0122,3.4558,4.3412
-0.49266,3.4558,4.4982
-0.91657,3.4558,4.6553
-0.84354,3.4558,4.8124
-0.87768,3.4558,4.9695
-1.0232,3.4558,5.1265
-1.0285,3.4558,5.2836
-1.0861,3.4558,5.4407
-1.1691,3.4558,5.5978
-1.3512,3.4558,5.7549
-1.4765,3.4558,5.9119
-1.4163,3.4558,6.069
-1.5548,3.4558,6.2261
-1.5315,3.4558,6.3832
-1.9141,3.4558,6.5403
-1.9606,3.4558,6.6973
-2.1729,3.4558,6.8544
-2.26,3.4558,7.0115
-2.2849,3.4558,7.1686
-2.3236,3.4558,7.3257
-2.3775,3.4558,7.4827
-2.3654,3.4558,7.6398
-2.4502,3.4558,7.7969
-2.5346,3.4558,7.954
-2.627,3.4558,8.1111
-2.6906,3.4558,8.2681
-2.6177,3.4558,8.4252
-2.6186,3.4558,8.5823
-2.5584,3.4558,8.7394
-2.6675,3.4558,8.8965
-2.7031,3.4558,9.0535
-2.8295,3.4558,9.2106
-2.8288,3.4558,9.3677
-2.5022,3.4558,9.5248
-0.00080614,3.6128,0.25708
-0.17968,3.6128,0.41416
-0.40637,3.6128,0.57124
-0.2256,3.6128,0.72832
-0.59156,3.6128,0.8854
-0.57851,3.6128,1.0425
-0.77764,3.6128,1.1996
-0.79073,3.6128,1.3566
-1.0679,3.6128,1.5137
-0.90226,3.6128,1.6708
-1.2466,3.6128,1.8279
-1.1573,3.6128,1.985
-1.083,3.6128,2.142
-1.3072,3.6128,2.2991
-1.0095,3.6128,2.4562
-1.2298,3.6128,2.6133
-1.19,3.6128,2.7704
-1.1756,3.6128,2.9274
-1.0953,3.6128,3.0845
-0.98102,3.6128,3.2416
-1.2019,3.6128,3.3987
-1.1696,3.6128,3.5558
-1.1099,3.6128,3.7128
-1.1192,3.6128,3.8699
-1.0608,3.6128,4.027
-1.2502,3.6128,4.1841
-1.2446,3.6128,4.3412
-1.1103,3.6128,4.4982
-1.2987,3.6128,4.6553
-1.3932,3.6128,4.8124
-1.6032,3.6128,4.9695
-1.8665,3.6128,5.1265
-1.5377,3.6128,5.2836
-1.6013,3.6128,5.4407
-1.931,3.6128,5.5978
-1.9338,3.6128,5.7549
-2.101,3.6128,5.9119
-2.4822,3.6128,6.069
-2.4851,3.6128,6.2261
-2.6862,3.6128,6.3832
-2.6744,3.6128,6.5403
-2.9195,3.6128,6.6973
-3.0487,3.6128,6.8544
-3.2617,3.6128,7.0115
-3.3688,3.6128,7.1686
-3.3934,3.6128,7.3257
-3.6805,3.6128,7.4827
-3.6077,3.6128,7.6398
-3.829,3.6128,7.7969
-3.7782,3.6128,7.954
-3.9327,3.6128,8.1111
-3.895,3.6128,8.2681
-3.9103,3.6128,8.4252
-4.0538,3.6128,8.5823
-3.9231,3.6128,8.7394
-3.9585,3.6128,8.8965
-4.0045,3.6128,9.0535
-3.9918,3.6128,9.2106
-3.8233,3.6128,9.3677
-4.0636,3.6128,9.5248
-0.030272,3.7699,0.25708
-0.13033,3.7699,0.41416
-0.62847,3.7699,0.57124
-0.50921,3.7699,0.72832
-0.71782,3.7699,0.8854
-0.98413,3.7699,1.0425
-1.1272,3.7699,1.1996
-1.1334,3.7699,1.3566
-1.0945,3.7699,1.5137
-1.4048,3.7699,1.6708
-1.2601,3.7699,1.8279
-1.3854,3.7699,1.985
-1.6509,3.7699,2.142
-1.7706,3.7699,2.2991
-1.5882,3.7699,2.4562
-1.7047,3.7699,2.6133
-1.6076,3.7699,2.7704
-1.6858,3.7699,2.9274
-1.2879,3.7699,3.0845
-1.6875,3.7699,3.2416
-1.5901,3.7699,3.3987
-1.6499,3.7699,3.5558
-1.4,3.7699,3.7128
-1.6776,3.7699,3.8699
-1.454,3.7699,4.027
-1.5338,3.7699,4.1841
-1.6893,3.7699,4.3412
-1.6579,3.7699,4.4982
-1.6229,3.7699,4.6553
-1.918,3.7699,4.8124
-1.9046,3.7699,4.9695
-2.0775,3.7699,5.1265
-2.274,3.7699,5.2836
-2.5517,3.7699,5.4407
-2.6859,3.7699,5.5978
-2.8118,3.7699,5.7549
-2.976,3.7699,5.9119
-3.2894,3.7699,6.069
-3.3806,3.7699,6.2261
-3.5363,3.7699,6.3832
-3.7412,3.7699,6.5403
-3.9991,3.7699,6.6973
-4.1311,3.7699,6.8544
-4.3876,3.7699,7.0115
-4.4093,3.7699,7.1686
-4.5467,3.7699,7.3257
-4.6556,3.7699,7.4827
-4.7637,3.7699,7.6398
-4.9502,3.7699,7.7969
-5.1128,3.7699,7.954
-5.1986,3.7699,8.1111
-5.2102,3.7699,8.2681
-5.3245,3.7699,8.4252
-5.1893,3.7699,8.5823
-5.2101,3.7699,8.7394
-5.3844,3.7699,8.8965
-5.3319,3.7699,9.0535
-5.3018,3.7699,9.2106
-5.1792,3.7699,9.3677
-5.1108,3.7699,9.5248
-0.0084717,3.927,0.25708
-0.39357,3.927,0.41416
-0.74939,3.927,0.57124
-0.76912,3.927,0.72832
-0.94964,3.927,0.8854
-1.2717,3.927,1.0425
-1.1887,3.927,1.1996
-1.336,3.927,1.3566
-1.6143,3.927,1.5137
-1.6091,3.927,1.6708
-1.8515,3.927,1.8279
-1.9027,3.927,1.985
-1.9165,3.927,2.142
-2.0337,3.927,2.2991
-1.8671,3.927,2.4562
-1.9012,3.927,2.6133
-2.0928,3.927,2.7704
-1.8938,3.927,2.9274
-1.9998,3.927,3.0845
-1.8761,3.927,3.2416
-1.7888,3.927,3.3987
-1.6781,3.927,3.5558
-1.8749,3.927,3.7128
-1.932,3.927,3.8699
-1.8115,3.927,4.027
-1.9685,3.927,4.1841
-1.9322,3.927,4.3412
-1.9502,3.927,4.4982
-2.2963,3.927,4.6553
-2.1504,3.927,4.8124
-2.3018,3.927,4.9695
-2.551,3.927,5.1265
-2.7172,3.927,5.2836
-2.7633,3.927,5.4407
-3.2378,3.927,5.5978
-3.383,3.927,5.7549
-3.5828,3.927,5.9119
-3.8653,3.927,6.069
-4.1957,3.927,6.2261
-4.2594,3.927,6.3832
-4.4413,3.927,6.5403
-4.7404,3.927,6.6973
-4.909,3.927,6.8544
-5.2701,3.927,7.0115
-5.4962,3.927,7.1686
-5.4952,3.927,7.3257
-5.6866,3.927,7.4827
-5.9938,3.927,7.6398
-6.0157,3.927,7.7969
-6.2191,3.927,7.954
-6.2731,3.927,8.1111
-6.4038,3.927,8.2681
-6.345,3.927,8.4252
-6.3773,3.927,8.5823
-6.3578,3.927,8.7394
-6.4557,3.927,8.8965
-6.3759,3.927,9.0535
-6.302,3.927,9.2106
-6.3508,3.927,9.3677
-6.3185,3.927,9.5248
-0.24514,4.0841,0.25708
-0.51686,4.0841,0.41416
-0.55032,4.0841,0.57124
-0.93906,4.0841,0.72832
-1.0721,4.0841,0.8854
-1.4033,4.0841,1.0425
-1.6073,4.0841,1.1996
-1.4708,4.0841,1.3566
-1.7893,4.0841,1.5137
-2.029,4.0841,1.6708
-2.0456,4.0841,1.8279
-2.2976,4.0841,1.985
-2.2528,4.0841,2.142
-2.2313,4.0841,2.2991
-2.319,4.0841,2.4562
-2.156,4.0841,2.6133
-2.1781,4.0841,2.7704
-2.2403,4.0841,2.9274
-2.3206,4.0841,3.0845
-2.1708,4.0841,3.2416
-2.1266,4.0841,3.3987
-2.203,4.0841,3.5558
-2.1676,4.0841,3.7128
-2.149,4.0841,3.8699
-2.1229,4.0841,4.027
-2.2911,4.0841,4.1841
-2.3916,4.0841,4.3412
-2.3061,4.0841,4.4982
-2.2566,4.0841,4.6553
-2.5948,4.0841,4.8124
-2.7199,4.0841,4.9695
-2.8942,4.0841,5.1265
-2.9808,4.0841,5.2836
-3.1545,4.0841,5.4407
-3.4801,4.0841,5.5978
-3.5509,4.0841,5.7549
-4.1788,4.0841,5.9119
-4.4128,4.0841,6.069
-4.4412,4.0841,6.2261
-4.7506,4.0841,6.3832
-5.2817,4.0841,6.5403
-5.5608,4.0841,6.6973
-5.7484,4.0841,6.8544
-5.9358,4.0841,7.0115
-6.1718,4.0841,7.1686
-6.3978,4.0841,7.3257
-6.7094,4.0841,7.4827
-6.796,4.0841,7.6398
-7.0127,4.0841,7.7969
-6.9477,4.0841,7.954
-7.2057,4.0841,8.1111
-7.3031,4.0841,8.2681
-7.4151,4.0841,8.4252
-7.3802,4.0841,8.5823
-7.3278,4.0841,8.7394
-7.4411,4.0841,8.8965
-7.4243,4.0841,9.0535
-7.1258,4.0841,9.2106
-7.299,4.0841,9.3677
-7.4347,4.0841,9.5248
-0.12369,4.2412,0.25708
-0.37731,4.2412,0.41416
-0.848,4.2412,0.57124
-0.88535,4.2412,0.72832
-1.1893,4.2412,0.8854
-1.4323,4.2412,1.0425
-1.8978,4.2412,1.1996
-1.8981,4.2412,1.3566
-2.1477,4.2412,1.5137
-2.222,4.2412,1.6708
-2.3158,4.2412,1.8279
-2.4291,4.2412,1.985
-2.4665,4.2412,2.142
-2.6178,4.2412,2.2991
-2.5295,4.2412,2.4562
-2.5474,4.2412,2.6133
-2.5041,4.2412,2.7704
-2.5107,4.2412,2.9274
-2.3931,4.2412,3.0845
-2.5121,4.2412,3.2416
-2.3694,4.2412,3.3987
-2.4741,4.2412,3.5558
-2.4893,4.2412,3.7128
-2.5322,4.2412,3.8699
-2.4838,4.2412,4.027
-2.6503,4.2412,4.1841
-2.5706,4.2412,4.3412
-2.5427,4.2412,4.4982
-2.7171,4.2412,4.6553
-2.8503,4.2412,4.8124
-3.2194,4.2412,4.9695
-2.9873,4.2412,5.1265
-3.572,4.2412,5.2836
-3.8108,4.2412,5.4407
-4.1393,4.2412,5.5978
-4.309,4.2412,5.7549
-4.6414,4.2412,5.9119
-4.8856,4.2412,6.069
-5.1805,4.2412,6.2261
-5.5859,4.2412,6.3832
-5.7041,4.2412,6.5403
-5.9467,4.2412,6.6973
-6.3587,4.2412,6.8544
-6.74,4.2412,7.0115
-6.7438,4.2412,7.1686
-7.1693,4.2412,7.3257
-7.3532,4.2412,7.4827
-7.4826,4.2412,7.6398
-7.7465,4.2412,7.7969
-7.6275,4.2412,7.954
-7.8546,4.2412,8.1111
-8.074,4.2412,8.2681
-8.0711,4.2412,8.4252
-8.1082,4.2412,8.5823
-8.154,4.2412,8.7394
-8.054,4.2412,8.8965
-8.2239,4.2412,9.0535
-8.1036,4.2412,9.2106
-8.1054,4.2412,9.3677
-8.0425,4.2412,9.5248
-0.25379,4.3982,0.25708
-0.42888,4.3982,0.41416
-0.89334,4.3982,0.57124
-1.0303,4.3982,0.72832
-1.4562,4.3982,0.8854
-1.7638,4.3982,1.0425
-1.8207,4.3982,1.1996
-2.0672,4.3982,1.3566
-2.1216,4.3982,1.5137
-2.5091,4.3982,1.6708
-2.3571,4.3982,1.8279
-2.5405,4.3982,1.985
-2.5587,4.3982,2.142
-2.8361,4.3982,2.2991
-2.7078,4.3982,2.4562
-2.8378,4.3982,2.6133
-2.7858,4.3982,2.7704
-2.7603,4.3982,2.9274
-2.8163,4.3982,3.0845
-2.6515,4.3982,3.2416
-2.623,4.3982,3.3987
-2.4896,4.3982,3.5558
-2.5062,4.3982,3.7128
-2.4605,4.3982,3.8699
-2.641,4.3982,4.027
-2.7156,4.3982,4.1841
-2.726,4.3982,4.3412
-2.7454,4.3982,4.4982
-2.9878,4.3982,4.6553
-3.1338,4.3982,4.8124
-3.3029,4.3982,4.9695
-3.2082,4.3982,5.1265
-3.7905,4.3982,5.2836
-3.925,4.3982,5.4407
-4.2609,4.3982,5.5978
-4.5197,4.3982,5.7549
-4.7059,4.3982,5.9119
-5.1158,4.3982,6.069
-5.4991,4.3982,6.2261
-5.8632,4.3982,6.3832
-6.0859,4.3982,6.5403
-6.2825,4.3982,6.6973
-6.8585,4.3982,6.8544
-7.2745,4.3982,7.0115
-7.1678,4.3982,7.1686
-7.5839,4.3982,7.3257
-7.9043,4.3982,7.4827
-8.0348,4.3982,7.6398
-8.1628,4.3982,7.7969
-8.4094,4.3982,7.954
-8.3808,4.3982,8.1111
-8.2503,4.3982,8.2681
-8.7948,4.3982,8.4252
-8.5446,4.3982,8.5823
-8.5851,4.3982,8.7394
-8.7112,4.3982,8.8965
-8.4775,4.3982,9.0535
-8.6831,4.3982,9.2106
-8.4063,4.3982,9.3677
-8.6206,4.3982,9.5248
-0.24618,4.5553,0.25708
-0.59646,4.5553,0.41416
-1.0715,4.5553,0.57124
-1.2717,4.5553,0.72832
-1.4605,4.5553,0.8854
-1.5675,4.5553,1.0425
-1.9761,4.5553,1.1996
-2.0332,4.5553,1.3566
-2.2465,4.5553,1.5137
-2.4001,4.5553,1.6708
-2.5588,4.5553,1.8279
-2.6946,4.5553,1.985
-2.763,4.5553,2.142
-2.622,4.5553,2.2991
-2.9026,4.5553,2.4562
-2.8109,4.5553,2.6133
-2.9223,4.5553,2.7704
-2.9085,4.5553,2.9274
-2.7489,4.5553,3.0845
-2.9966,4.5553,3.2416
-2.6832,4.5553,3.3987
-2.7407,4.5553,3.5558
-2.6013,4.5553,3.7128
-2.5407,4.5553,3.8699
-2.5486,4.5553,4.027
-2.6465,4.5553,4.1841
-2.8047,4.5553,4.3412
-3.0518,4.5553,4.4982
-3.2731,4.5553,4.6553
-3.3037,4.5553,4.8124
-3.5208,4.5553,4.9695
-3.7189,4.5553,5.1265
-3.8324,4.5553,5.2836
-3.987,4.5553,5.4407
-4.3257,4.5553,5.5978
-4.5957,4.5553,5.7549
-5.1146,4.5553,5.9119
-5.2512,4.5553,6.069
-5.6315,4.5553,6.2261
-6.0968,4.5553,6.3832
-6.3396,4.5553,6.5403
-6.8125,4.5553,6.6973
-7.0566,4.5553,6.8544
-7.2726,4.5553,7.0115
-7.6156,4.5553,7.1686
-7.6877,4.5553,7.3257
-8.1427,4.5553,7.4827
-8.2684,4.5553,7.6398
-8.4775,4.5553,7.7969
-8.7454,4.5553,7.954
-8.6258,4.5553,8.1111
-8.8588,4.5553,8.2681
-9.057,4.5553,8.4252
-9.0312,4.5553,8.5823
-9.027,4.5553,8.7394
-9.1328,4.5553,8.8965
-9.0393,4.5553,9.0535
-8.8941,4.5553,9.2106
-8.8182,4.5553,9.3677
-9.0008,4.5553,9.5248
-0.22994,4.7124,0.25708
-0.54505,4.7124,0.41416
-0.94301,4.7124,0.57124
-1.1155,4.7124,0.72832
-1.269,4.7124,0.8854
-1.6337,4.7124,1.0425
-2.0283,4.7124,1.1996
-2.3066,4.7124,1.3566
-2.3523,4.7124,1.5137
-2.2568,4.7124,1.6708
-2.5644,4.7124,1.8279
-2.7593,4.7124,1.985
-2.7944,4.7124,2.142
-2.8663,4.7124,2.2991
-2.7411,4.7124,2.4562
-2.9276,4.7124,2.6133
-2.9918,4.7124,2.7704
-2.9484,4.7124,2.9274
-2.9142,4.7124,3.0845
-2.8749,4.7124,3.2416
-2.9381,4.7124,3.3987
-2.7854,4.7124,3.5558
-2.831,4.7124,3.7128
-2.671,4.7124,3.8699
-2.6469,4.7124,4.027
-2.6742,4.7124,4.1841
-2.9097,4.7124,4.3412
-2.9936,4.7124,4.4982
-3.2142,4.7124,4.6553
-3.2225,4.7124,4.8124
-3.4838,4.7124,4.9695
-3.7834,4.7124,5.1265
-3.798,4.7124,5.2836
-4.1109,4.7124,5.4407
-4.4131,4.7124,5.5978
-4.8427,4.7124,5.7549
-4.8834,4.7124,5.9119
-5.5073,4.7124,6.069
-5.9056,4.7124,6.2261
-6.3751,4.7124,6.3832
-6.6849,4.7124,6.5403
-6.9123,4.7124,6.6973
-7.0591,4.7124,6.8544
-7.2115,4.7124,7.0115
-7.8082,4.7124,7.1686
-7.8785,4.7124,7.3257
-8.2972,4.7124,7.4827
-8.4424,4.7124,7.6398
-8.8396,4.7124,7.7969
-8.8726,4.7124,7.954
-8.8905,4.7124,8.1111
-8.9743,4.7124,8.2681
-9.2049,4.7124,8.4252
-8.9967,4.7124,8.5823
-9.1664,4.7124,8.7394
-9.0109,4.7124,8.8965
-9.1375,4.7124,9.0535
-9.0282,4.7124,9.2106
-9.1459,4.7124,9.3677
-8.8864,4.7124,9.5248
-0.26541,4.8695,0.25708
-0.56057,4.8695,0.41416
-0.83146,4.8695,0.57124
-1.0299,4.8695,0.72832
-1.498,4.8695,0.8854
-1.6374,4.8695,1.0425
-1.8717,4.8695,1.1996
-1.9863,4.8695,1.3566
-2.4053,4.8695,1.5137
-2.5646,4.8695,1.6708
-2.4992,4.8695,1.8279
-2.732,4.8695,1.985
-2.7405,4.8695,2.142
-2.9013,4.8695,2.2991
-2.7871,4.8695,2.4562
-2.8942,4.8695,2.6133
-2.6597,4.8695,2.7704
-2.7786,4.8695,2.9274
-2.816,4.8695,3.0845
-2.8418,4.8695,3.2416
-2.6334,4.8695,3.3987
-2.7361,4.8695,3.5558
-2.6636,4.8695,3.7128
-2.5987,4.8695,3.8699
-2.7108,4.8695,4.027
-2.6485,4.8695,4.1841
-2.7404,4.8695,4.3412
-2.999,4.8695,4.4982
-3.1487,4.8695,4.6553
-3.1929,4.8695,4.8124
-3.5309,4.8695,4.9695
-3.4289,4.8695,5.1265
-3.8646,4.8695,5.2836
-3.9822,4.8695,5.4407
-4.3176,4.8695,5.5978
-4.6464,4.8695,5.7549
-4.9438,4.8695,5.9119
-5.4552,4.8695,6.069
-5.7732,4.8695,6.2261
-6.0665,4.8695,6.3832
-6.4521,4.8695,6.5403
-6.7633,4.8695,6.6973
-7.0981,4.8695,6.8544
-7.0293,4.8695,7.0115
-7.4372,4.8695,7.1686
-7.9964,4.8695,7.3257
-8.0495,4.8695,7.4827
-8.2192,4.8695,7.6398
-8.3088,4.8695,7.7969
-8.68,4.8695,7.954
-8.7617,4.8695,8.1111
-8.7442,4.8695,8.2681
-8.9286,4.8695,8.4252
-9.1013,4.8695,8.5823
-9.0459,4.8695,8.7394
-9.0415,4.8695,8.8965
-9.0736,4.8695,9.0535
-9.0493,4.8695,9.2106
-9.0046,4.8695,9.3677
-8.8355,4.8695,9.5248
0.010692,5.0265,0.25708
-0.45967,5.0265,0.41416
-0.71188,5.0265,0.57124
-1.1016,5.0265,0.72832
-1.19,5.0265,0.8854
-1.4795,5.0265,1.0425
-1.6422,5.0265,1.1996
-1.926,5.0265,1.3566
-2.2545,5.0265,1.5137
-2.3712,5.0265,1.6708
-2.4234,5.0265,1.8279
-2.5061,5.0265,1.985
-2.5843,5.0265,2.142
-2.4741,5.0265,2.2991
-2.7322,5.0265,2.4562
-2.7799,5.0265,2.6133
-2.6022,5.0265,2.7704
-2.6468,5.0265,2.9274
-2.6627,5.0265,3.0845
-2.5315,5.0265,3.2416
-2.6952,5.0265,3.3987
-2.4441,5.0265,3.5558
-2.4512,5.0265,3.7128
-2.5585,5.0265,3.8699
-2.8279,5.0265,4.027
-2.5866,5.0265,4.1841
-2.6277,5.0265,4.3412
-2.7042,5.0265,4.4982
-2.8468,5.0265,4.6553
-3.0425,5.0265,4.8124
-3.1586,5.0265,4.9695
-3.4456,5.0265,5.1265
-3.652,5.0265,5.2836
-3.8549,5.0265,5.4407
-4.1126,5.0265,5.5978
-4.2639,5.0265,5.7549
-4.6188,5.0265,5.9119
-5.2113,5.0265,6.069
-5.5452,5.0265,6.2261
-5.7193,5.0265,6.3832
-6.0466,5.0265,6.5403
-6.4133,5.0265,6.6973
-6.6989,5.0265,6.8544
-7.0323,5.0265,7.0115
-7.3246,5.0265,7.1686
-7.4683,5.0265,7.3257
-7.8822,5.0265,7.4827
-7.9179,5.0265,7.6398
-8.1208,5.0265,7.7969
-8.2619,5.0265,7.954
-8.381,5.0265,8.1111
-8.415,5.0265,8.2681
-8.6063,5.0265,8.4252
-8.5704,5.0265,8.5823
-8.8149,5.0265,8.7394
-8.791,5.0265,8.8965
-8.7341,5.0265,9.0535
-8.6189,5.0265,9.2106
-8.7369,5.0265,9.3677
-8.7185,5.0265,9.5248
0.12387,5.1836,0.25708
-0.33773,5.1836,0.41416
-0.85248,5.1836,0.57124
-0.90256,5.1836,0.72832
-0.98562,5.1836,0.8854
-1.1555,5.1836,1.0425
-1.5423,5.1836,1.1996
-1.8445,5.1836,1.3566
-1.8685,5.1836,1.5137
-2.1241,5.1836,1.6708
-2.1072,5.1836,1.8279
-2.17,5.1836,1.985
-2.1585,5.1836,2.142
-2.4277,5.1836,2.2991
-2.5267,5.1836,2.4562
-2.5231,5.1836,2.6133
-2.3654,5.1836,2.7704
-2.2542,5.1836,2.9274
-2.5409,5.1836,3.0845
-2.3435,5.1836,3.2416
-2.3729,5.1836,3.3987
-2.3131,5.1836,3.5558
-2.2836,5.1836,3.7128
-2.4459,5.1836,3.8699
-2.3203,5.1836,4.027
-2.351,5.1836,4.1841
-2.4308,5.1836,4.3412
-2.5362,5.1836,4.4982
-2.6825,5.1836,4.6553
-2.7856,5.1836,4.8124
-2.9877,5.1836,4.9695
-3.2103,5.1836,5.1265
-3.469,5.1836,5.2836
-3.9197,5.1836,5.4407
-3.7876,5.1836,5.5978
-4.0834,5.1836,5.7549
-4.605,5.1836,5.9119
-4.6352,5.1836,6.069
-4.9207,5.1836,6.2261
-5.2419,5.1836,6.3832
-5.6209,5.1836,6.5403
-5.7572,5.1836,6.6973
-6.2733,5.1836,6.8544
-6.6608,5.1836,7.0115
-7.0864,5.1836,7.1686
-7.0173,5.1836,7.3257
-7.2688,5.1836,7.4827
-7.5184,5.1836,7.6398
-7.6138,5.1836,7.7969
-7.604,5.1836,7.954
-7.8273,5.1836,8.1111
-7.8224,5.1836,8.2681
-7.9548,5.1836,8.4252
-8.2082,5.1836,8.5823
-8.1789,5.1836,8.7394
-8.001,5.1836,8.8965
-8.0712,5.1836,9.0535
-7.9322,5.1836,9.2106
-7.7179,5.1836,9.3677
-8.0223,5.1836,9.5248
-0.10263,5.3407,0.25708
-0.41534,5.3407,0.41416
-0.46685,5.3407,0.57124
-0.76591,5.3407,0.72832
-1.2393,5.3407,0.8854
-1.3381,5.3407,1.0425
-1.5647,5.3407,1.1996
-1.561,5.3407,1.3566
-1.6263,5.3407,1.5137
-2.1509,5.3407,1.6708
-1.9654,5.3407,1.8279
-1.9154,5.3407,1.985
-2.1406,5.3407,2.142
-2.0679,5.3407,2.2991
-2.1938,5.3407,2.4562
-2.1277,5.3407,2.6133
-2.3068,5.3407,2.7704
-2.1261,5.3407,2.9274
-2.0612,5.3407,3.0845
-2.1932,5.3407,3.2416
-1.9962,5.3407,3.3987
-2.0189,5.3407,3.5558
-1.9695,5.3407,3.7128
-2.2731,5.3407,3.8699
-2.0642,5.3407,4.027
-2.0119,5.3407,4.1841
-2.1044,5.3407,4.3412
-2.1502,5.3407,4.4982
-2.4147,5.3407,4.6553
-2.4873,5.3407,4.8124
-2.6709,5.3407,4.9695
-2.7834,5.3407,5.1265
-2.8818,5.3407,5.2836
-3.4717,5.3407,5.4407
-3.5454,5.3407,5.5978
-3.6626,5.3407,5.7549
-3.9943,5.3407,5.9119
-4.3685,5.3407,6.069
-4.5804,5.3407,6.2261
-4.7969,5.3407,6.3832
-5.2071,5.3407,6.5403
-5.4641,5.3407,6.6973
-5.4577,5.3407,6.8544
-5.9513,5.3407,7.0115
-6.1529,5.3407,7.1686
-6.3722,5.3407,7.3257
-6.4054,5.3407,7.4827
-6.7391,5.3407,7.6398
-6.6505,5.3407,7.7969
-7.0208,5.3407,7.954
-6.9275,5.3407,8.1111
-7.216,5.3407,8.2681
-7.1332,5.3407,8.4252
-7.2698,5.3407,8.5823
-7.3758,5.3407,8.7394
-7.3277,5.3407,8.8965
-7.14,5.3407,9.0535
-7.2201,5.3407,9.2106
-7.3574,5.3407,9.3677
-7.2801,5.3407,9.5248
0.13434,5.4978,0.25708
-0.21844,5.4978,0.41416
-0.2928,5.4978,0.57124
-0.67766,5.4978,0.72832
-0.94966,5.4978,0.8854
-0.99595,5.4978,1.0425
-1.1142,5.4978,1.1996
-1.361,5.4978,1.3566
-1.5963,5.4978,1.5137
-1.5544,5.4978,1.6708
-1.798,5.4978,1.8279
-1.7407,5.4978,1.985
-1.6721,5.4978,2.142
-1.8065,5.4978,2.2991
-1.8138,5.4978,2.4562
-1.9867,5.4978,2.6133
-1.7821,5.4978,2.7704
-1.7055,5.4978,2.9274
-1.8165,5.4978,3.0845
-1.8208,5.4978,3.2416
-1.6349,5.4978,3.3987
-1.6155,5.4978,3.5558
-1.7121,5.4978,3.7128
-1.5879,5.4978,3.8699
-1.7456,5.4978,4.027
-1.7292,5.4978,4.1841
-1.9161,5.4978,4.3412
-1.9879,5.4978,4.4982
-2.1426,5.4978,4.6553
-2.3196,5.4978,4.8124
-2.2885,5.4978,4.9695
-2.5092,5.4978,5.1265
-2.6459,5.4978,5.2836
-2.7647,5.4978,5.4407
-2.9317,5.4978,5.5978
-3.3017,5.4978,5.7549
-3.3362,5.4978,5.9119
-3.7957,5.4978,6.069
-3.8594,5.4978,6.2261
-4.0222,5.4978,6.3832
-4.2917,5.4978,6.5403
-4.6127,5.4978,6.6973
-4.7554,5.4978,6.8544
-5.2489,5.4978,7.0115
-5.3673,5.4978,7.1686
-5.5362,5.4978,7.3257
-5.5281,5.4978,7.4827
-5.79,5.4978,7.6398
-5.9492,5.4978,7.7969
-6.0158,5.4978,7.954
-6.2551,5.4978,8.1111
-6.2404,5.4978,8.2681
-6.366,5.4978,8.4252
-6.3498,5.4978,8.5823
-6.0835,5.4978,8.7394
-6.3227,5.4978,8.8965
-6.2398,5.4978,9.0535
-6.1953,5.4978,9.2106
-6.1895,5.4978,9.3677
-6.2143,5.4978,9.5248
0.056375,5.6549,0.25708
-0.076842,5.6549,0.41416
-0.38871,5.6549,0.57124
-0.43332,5.6549,0.72832
-0.74509,5.6549,0.8854
-0.91218,5.6549,1.0425
-0.82614,5.6549,1.1996
-1.2161,5.6549,1.3566
-1.1645,5.6549,1.5137
-1.1317,5.6549,1.6708
-1.5477,5.6549,1.8279
-1.3003,5.6549,1.985
-1.4326,5.6549,2.142
-1.5795,5.6549,2.2991
-1.5565,5.6549,2.4562
-1.3956,5.6549,2.6133
-1.3322,5.6549,2.7704
-1.3146,5.6549,2.9274
-1.291,5.6549,3.0845
-1.4064,5.6549,3.2416
-1.224,5.6549,3.3987
-1.44,5.6549,3.5558
-1.2857,5.6549,3.7128
-1.3654,5.6549,3.8699
-1.6103,5.6549,4.027
-1.4525,5.6549,4.1841
-1.5447,5.6549,4.3412
-1.5398,5.6549,4.4982
-1.6639,5.6549,4.6553
-1.6833,5.6549,4.8124
-1.8652,5.6549,4.9695
-1.8118,5.6549,5.1265
-2.1252,5.6549,5.2836
-2.3053,5.6549,5.4407
-2.2529,5.6549,5.5978
-2.6337,5.6549,5.7549
-2.7002,5.6549,5.9119
-2.8531,5.6549,6.069
-3.171,5.6549,6.2261
-3.5577,5.6549,6.3832
-3.5763,5.6549,6.5403
-3.6915,5.6549,6.6973
-4.0438,5.6549,6.8544
-4.1008,5.6549,7.0115
-4.3291,5.6549,7.1686
-4.3852,5.6549,7.3257
-4.6221,5.6549,7.4827
-4.8116,5.6549,7.6398
-4.8067,5.6549,7.7969
-4.942,5.6549,7.954
-5.0023,5.6549,8.1111
-4.998,5.6549,8.2681
-5.1168,5.6549,8.4252
-5.3268,5.6549,8.5823
-5.0604,5.6549,8.7394
-5.2061,5.6549,8.8965
-5.0979,5.6549,9.0535
-4.9293,5.6549,9.2106
-4.9592,5.6549,9.3677
-5.1016,5.6549,9.5248
0.17281,5.8119,0.25708
0.093998,5.8119,0.41416
-0.158,5.8119,0.57124
-0.18331,5.8119,0.72832
-0.30467,5.8119,0.8854
-0.39289,5.8119,1.0425
-0.67081,5.8119,1.1996
-0.51273,5.8119,1.3566
-0.85272,5.8119,1.5137
-0.76836,5.8119,1.6708
-0.96666,5.8119,1.8279
-0.92601,5.8119,1.985
-0.83808,5.8119,2.142
-1.1299,5.8119,2.2991
-0.81531,5.8119,2.4562
-1.0353,5.8119,2.6133
-1.0361,5.8119,2.7704
-0.97943,5.8119,2.9274
-0.95561,5.8119,3.0845
-0.82424,5.8119,3.2416
-0.8367,5.8119,3.3987
-0.96146,5.8119,3.5558
-1.0903,5.8119,3.7128
-0.92418,5.8119,3.8699
-0.91751,5.8119,4.027
-0.86567,5.8119,4.1841
-1.0416,5.8119,4.3412
-1.1257,5.8119,4.4982
-0.96799,5.8119,4.6553
-1.066,5.8119,4.8124
-1.2284,5.8119,4.9695
-1.4576,5.8119,5.1265
-1.3182,5.8119,5.2836
-1.6294,5.8119,5.4407
-1.6048,5.8119,5.5978
-1.9507,5.8119,5.7549
-2.0306,5.8119,5.9119
-2.0782,5.8119,6.069
-2.0113,5.8119,6.2261
-2.514,5.8119,6.3832
-2.6849,5.8119,6.5403
-2.9998,5.8119,6.6973
-2.9375,5.8119,6.8544
-3.0393,5.8119,7.0115
-3.1214,5.8119,7.1686
-3.1629,5.8119,7.3257
-3.4851,5.8119,7.4827
-3.5704,5.8119,7.6398
-3.4953,5.8119,7.7969
-3.6538,5.8119,7.954
-3.6685,5.8119,8.1111
-3.6105,5.8119,8.2681
-3.8081,5.8119,8.4252
-3.8272,5.8119,8.5823
-3.5892,5.8119,8.7394
-3.676,5.8119,8.8965
-3.5922,5.8119,9.0535
-3.6793,5.8119,9.2106
-3.6946,5.8119,9.3677
-3.7624,5.8119,9.5248
0.31732,5.969,0.25708
0.21173,5.969,0.41416
0.09024,5.969,0.57124
-0.16325,5.969,0.72832
0.0030874,5.969,0.8854
-0.15924,5.969,1.0425
-0.2515,5.969,1.1996
-0.40881,5.969,1.3566
-0.27408,5.969,1.5137
-0.2382,5.969,1.6708
-0.39486,5.969,1.8279
-0.35129,5.969,1.985
-0.37694,5.969,2.142
-0.55649,5.969,2.2991
-0.61657,5.969,2.4562
-0.4894,5.969,2.6133
-0.35788,5.969,2.7704
-0.48638,5.969,2.9274
-0.5077,5.969,3.0845
-0.57854,5.969,3.2416
-0.39076,5.969,3.3987
-0.44107,5.969,3.5558
-0.33799,5.969,3.7128
-0.5542,5.969,3.8699
-0.47047,5.969,4.027
-0.4562,5.969,4.1841
-0.56212,5.969,4.3412
-0.58728,5.969,4.4982
-0.52076,5.969,4.6553
-0.62065,5.969,4.8124
-0.67404,5.969,4.9695
-0.78006,5.969,5.1265
-0.87178,5.969,5.2836
-0.76737,5.969,5.4407
-0.92364,5.969,5.5978
-1.0451,5.969,5.7549
-1.2674,5.969,5.9119
-1.2086,5.969,6.069
-1.4586,5.969,6.2261
-1.4353,5.969,6.3832
-1.8163,5.969,6.5403
-1.7794,5.969,6.6973
-1.7579,5.969,6.8544
-1.9525,5.969,7.0115
-1.9763,5.969,7.1686
-2.31,5.969,7.3257
-2.1912,5.969,7.4827
-2.3362,5.969,7.6398
-2.3237,5.969,7.7969
-2.3968,5.969,7.954
-2.4422,5.969,8.1111
-2.2902,5.969,8.2681
-2.2036,5.969,8.4252
-2.5006,5.969,8.5823
-2.505,5.969,8.7394
-2.5344,5.969,8.8965
-2.4994,5.969,9.0535
-2.5347,5.969,9.2106
-2.3984,5.969,9.3677
-2.4055,5.969,9.5248
0.33588,6.1261,0.25708
0.26953,6.1261,0.41416
0.28304,6.1261,0.57124
0.14297,6.1261,0.72832
0.1825,6.1261,0.8854
0.14946,6.1261,1.0425
-0.091903,6.1261,1.1996
0.086106,6.1261,1.3566
0.021608,6.1261,1.5137
0.050687,6.1261,1.6708
-0.007543,6.1261,1.8279
-0.16861,6.1261,1.985
-0.10666,6.1261,2.142
-0.17129,6.1261,2.2991
0.038589,6.1261,2.4562
-0.12763,6.1261,2.6133
0.18961,6.1261,2.7704
-0.11009,6.1261,2.9274
-0.020206,6.1261,3.0845
0.10901,6.1261,3.2416
0.019516,6.1261,3.3987
0.049479,6.1261,3.5558
0.10989,6.1261,3.7128
0.064195,6.1261,3.8699
-0.054347,6.1261,4.027
-0.082204,6.1261,4.1841
-0.10346,6.1261,4.3412
-0.067244,6.1261,4.4982
-0.31653,6.1261,4.6553
-0.18762,6.1261,4.8124
-0.047917,6.1261,4.9695
-0.19562,6.1261,5.1265
-0.22233,6.1261,5.2836
-0.33897,6.1261,5.4407
-0.33515,6.1261,5.5978
-0.19786,6.1261,5.7549
-0.449,6.1261,5.9119
-0.39939,6.1261,6.069
-0.60645,6.1261,6.2261
-0.48451,6.1261,6.3832
-0.47009,6.1261,6.5403
-0.66594,6.1261,6.6973
-0.6347,6.1261,6.8544
-0.7018,6.1261,7.0115
-0.8033,6.1261,7.1686
-0.83652,6.1261,7.3257
-0.82208,6.1261,7.4827
-0.97659,6.1261,7.6398
-0.96065,6.1261,7.7969
-1.1761,6.1261,7.954
-1.0487,6.1261,8.1111
-1.0144,6.1261,8.2681
-1.0272,6.1261,8.4252
-1.0305,6.1261,8.5823
-0.9206,6.1261,8.7394
-0.93572,6.1261,8.8965
-1.1528,6.1261,9.0535
-0.91428,6.1261,9.2106
-1.1369,6.1261,9.3677
-1.073,6.1261,9.5248
0.23637,6.2832,0.25708
0.52931,6.2832,0.41416
0.43622,6.2832,0.57124
0.56485,6.2832,0.72832
0.64153,6.2832,0.8854
0.69909,6.2832,1.0425
0.54268,6.2832,1.1996
0.49877,6.2832,1.3566
0.54523,6.2832,1.5137
0.49403,6.2832,1.6708
0.59827,6.2832,1.8279
0.63152,6.2832,1.985
0.45119,6.2832,2.142
0.58623,6.2832,2.2991
0.52649,6.2832,2.4562
0.56236,6.2832,2.6133
0.4722,6.2832,2.7704
0.36106,6.2832,2.9274
0.45657,6.2832,3.0845
0.65233,6.2832,3.2416
0.50535,6.2832,3.3987
0.61097,6.2832,3.5558
0.55908,6.2832,3.7128
0.52933,6.2832,3.8699
0.5228,6.2832,4.027
0.40174,6.2832,4.1841
0.36221,6.2832,4.3412
0.42819,6.2832,4.4982
0.39829,6.2832,4.6553
0.59275,6.2832,4.8124
0.22108,6.2832,4.9695
0.50158,6.2832,5.1265
0.44552,6.2832,5.2836
0.49196,6.2832,5.4407
0.49476,6.2832,5.5978
0.31663,6.2832,5.7549
0.49156,6.2832,5.9119
0.47718,6.2832,6.069
0.51539,6.2832,6.2261
0.59198,6.2832,6.3832
0.43352,6.2832,6.5403
0.38915,6.2832,6.6973
0.40121,6.2832,6.8544
0.58055,6.2832,7.0115
0.35156,6.2832,7.1686
0.42158,6.2832,7.3257
0.49981,6.2832,7.4827
0.33153,6.2832,7.6398
0.66878,6.2832,7.7969
0.30955,6.2832,7.954
0.41871,6.2832,8.1111
0.6279,6.2832,8.2681
0.52578,6.2832,8.4252
0.52275,6.2832,8.5823
0.61083,6.2832,8.7394
0.71935,6.2832,8.8965
0.49202,6.2832,9.0535
0.41213,6.2832,9.2106
0.70573,6.2832,9.3677
0.6626,6.2832,9.5248
0.61535,6.4403,0.25708
0.70148,6.4403,0.41416
0.85916,6.4403,0.57124
0.90258,6.4403,0.72832
0.73651,6.4403,0.8854
0.9056,6.4403,1.0425
1.0342,6.4403,1.1996
0.96784,6.4403,1.3566
0.90313,6.4403,1.5137
1.229,6.4403,1.6708
1.033,6.4403,1.8279
1.1081,6.4403,1.985
0.96485,6.4403,2.142
1.1158,6.4403,2.2991
0.99455,6.4403,2.4562
0.96468,6.4403,2.6133
1.0705,6.4403,2.7704
1.0508,6.4403,2.9274
1.0756,6.4403,3.0845
1.0433,6.4403,3.2416
0.77406,6.4403,3.3987
0.87406,6.4403,3.5558
1.031,6.4403,3.7128
0.81763,6.4403,3.8699
1.0385,6.4403,4.027
1.0479,6.4403,4.1841
1.057,6.4403,4.3412
0.95349,6.4403,4.4982
1.0542,6.4403,4.6553
0.94071,6.4403,4.8124
1.0225,6.4403,4.9695
1.1265,6.4403,5.1265
1.2553,6.4403,5.2836
1.1706,6.4403,5.4407
1.0791,6.4403,5.5978
1.3098,6.4403,5.7549
1.5446,6.4403,5.9119
1.4121,6.4403,6.069
1.4562,6.4403,6.2261
1.5194,6.4403,6.3832
1.6691,6.4403,6.5403
1.5017,6.4403,6.6973
1.7867,6.4403,6.8544
1.7008,6.4403,7.0115
1.9063,6.4403,7.1686
2.0454,6.4403,7.3257
1.8409,6.4403,7.4827
1.8538,6.4403,7.6398
1.9742,6.4403,7.7969
1.9225,6.4403,7.954
2.042,6.4403,8.1111
1.9977,6.4403,8.2681
2.1133,6.4403,8.4252
2.0676,6.4403,8.5823
1.8887,6.4403,8.7394
1.8914,6.4403,8.8965
2.0934,6.4403,9.0535
1.8644,6.4403,9.2106
2.1549,6.4403,9.3677
2.0705,6.4403,9.5248
0.71982,6.5973,0.25708
0.77588,6.5973,0.41416
0.91584,6.5973,0.57124
0.82846,6.5973,0.72832
1.3114,6.5973,0.8854
1.1401,6.5973,1.0425
1.1131,6.5973,1.1996
1.2043,6.5973,1.3566
1.2665,6.5973,1.5137
1.5355,6.5973,1.6708
1.5027,6.5973,1.8279
1.2559,6.5973,1.985
1.4404,6.5973,2.142
1.5328,6.5973,2.2991
1.5796,6.5973,2.4562
1.4436,6.5973,2.6133
1.4528,6.5973,2.7704
1.578,6.5973,2.9274
1.5901,6.5973,3.0845
1.5796,6.5973,3.2416
1.4476,6.5973,3.3987
1.3814,6.5973,3.5558
1.415,6.5973,3.7128
1.4841,6.5973,3.8699
1.6204,6.5973,4.027
1.6625,6.5973,4.1841
1.4531,6.5973,4.3412
1.517,6.5973,4.4982
1.395,6.5973,4.6553
1.659,6.5973,4.8124
1.7061,6.5973,4.9695
1.7981,6.5973,5.1265
1.9079,6.5973,5.2836
2.1033,6.5973,5.4407
1.8658,6.5973,5.5978
2.1364,6.5973,5.7549
2.1752,6.5973,5.9119
2.3899,6.5973,6.069
2.3368,6.5973,6.2261
2.7208,6.5973,6.3832
2.4505,6.5973,6.5403
2.8383,6.5973,6.6973
2.8162,6.5973,6.8544
2.8041,6.5973,7.0115
3.1882,6.5973,7.1686
2.9576,6.5973,7.3257
3.0159,6.5973,7.4827
3.1658,6.5973,7.6398
3.2949,6.5973,7.7969
3.2826,6.5973,7.954
3.4158,6.5973,8.1111
3.2666,6.5973,8.2681
3.6024,6.5973,8.4252
3.541,6.5973,8.5823
3.4606,6.5973,8.7394
3.4691,6.5973,8.8965
3.4857,6.5973,9.0535
3.2683,6.5973,9.2106
3.2406,6.5973,9.3677
3.7056,6.5973,9.5248
1.0054,6.7544,0.25708
1.0391,6.7544,0.41416
1.0472,6.7544,0.57124
1.3595,6.7544,0.72832
1.6361,6.7544,0.8854
1.5346,6.7544,1.0425
1.3657,6.7544,1.1996
1.8287,6.7544,1.3566
1.8302,6.7544,1.5137
1.8165,6.7544,1.6708
1.8584,6.7544,1.8279
1.8537,6.7544,1.985
2.241,6.7544,2.142
1.9508,6.7544,2.2991
1.9713,6.7544,2.4562
2.0324,6.7544,2.6133
1.9013,6.7544,2.7704
2.0297,6.7544,2.9274
1.9467,6.7544,3.0845
1.9527,6.7544,3.2416
1.9442,6.7544,3.3987
1.8228,6.7544,3.5558
2.0876,6.7544,3.7128
1.9355,6.7544,3.8699
1.8548,6.7544,4.027
1.8846,6.7544,4.1841
1.9851,6.7544,4.3412
2.1209,6.7544,4.4982
2.2636,6.7544,4.6553
2.104,6.7544,4.8124
2.3072,6.7544,4.9695
2.3133,6.7544,5.1265
2.5146,6.7544,5.2836
2.8183,6.7544,5.4407
2.7647,6.7544,5.5978
3.1007,6.7544,5.7549
3.0873,6.7544,5.9119
2.9498,6.7544,6.069
3.2515,6.7544,6.2261
3.5941,6.7544,6.3832
3.5844,6.7544,6.5403
3.8247,6.7544,6.6973
3.9828,6.7544,6.8544
3.9446,6.7544,7.0115
4.0189,6.7544,7.1686
4.3906,6.7544,7.3257
4.2091,6.7544,7.4827
4.4448,6.7544,7.6398
4.5098,6.7544,7.7969
4.6252,6.7544,7.954
4.7484,6.7544,8.1111
4.819,6.7544,8.2681
4.7412,6.7544,8.4252
4.7793,6.7544,8.5823
4.8035,6.7544,8.7394
4.7898,6.7544,8.8965
4.6886,6.7544,9.0535
4.8603,6.7544,9.2106
4.7899,6.7544,9.3677
4.8077,6.7544,9.5248
0.82403,6.9115,0.25708
1.0652,6.9115,0.41416
1.279,6.9115,0.57124
1.5778,6.9115,0.72832
1.5983,6.9115,0.8854
1.7523,6.9115,1.0425
2.036,6.9115,1.1996
2.0606,6.9115,1.3566
2.0201,6.9115,1.5137
2.1873,6.9115,1.6708
2.6185,6.9115,1.8279
2.4802,6.9115,1.985
2.6119,6.9115,2.142
2.4434,6.9115,2.2991
2.5601,6.9115,2.4562
2.3798,6.9115,2.6133
2.4576,6.9115,2.7704
2.5083,6.9115,2.9274
2.5853,6.9115,3.0845
2.5327,6.9115,3.2416
2.1643,6.9115,3.3987
2.5364,6.9115,3.5558
2.4332,6.9115,3.7128
2.5561,6.9115,3.8699
2.2623,6.9115,4.027
2.3961,6.9115,4.1841
2.3244,6.9115,4.3412
2.505,6.9115,4.4982
2.5817,6.9115,4.6553
2.5653,6.9115,4.8124
2.8529,6.9115,4.9695
2.8351,6.9115,5.1265
2.8662,6.9115,5.2836
3.0832,6.9115,5.4407
3.2879,6.9115,5.5978
3.4208,6.9115,5.7549
3.8081,6.9115,5.9119
4.0624,6.9115,6.069
4.2494,6.9115,6.2261
4.565,6.9115,6.3832
4.6668,6.9115,6.5403
4.6535,6.9115,6.6973
4.8194,6.9115,6.8544
5.0042,6.9115,7.0115
5.4189,6.9115,7.1686
5.5167,6.9115,7.3257
5.5423,6.9115,7.4827
5.8411,6.9115,7.6398
5.7996,6.9115,7.7969
5.9674,6.9115,7.954
6.1051,6.9115,8.1111
6.1415,6.9115,8.2681
6.0243,6.9115,8.4252
6.0805,6.9115,8.5823
6.1575,6.9115,8.7394
6.2411,6.9115,8.8965
6.2028,6.9115,9.0535
6.0495,6.9115,9.2106
6.173,6.9115,9.3677
6.1088,6.9115,9.5248
1.0087,7.0686,0.25708
1.1139,7.0686,0.41416
1.3149,7.0686,0.57124
1.5666,7.0686,0.72832
1.8665,7.0686,0.8854
2.0273,7.0686,1.0425
2.2267,7.0686,1.1996
2.2136,7.0686,1.3566
2.5313,7.0686,1.5137
2.4971,7.0686,1.6708
2.6301,7.0686,1.8279
2.66,7.0686,1.985
2.7962,7.0686,2.142
2.8985,7.0686,2.2991
2.7658,7.0686,2.4562
2.8661,7.0686,2.6133
2.823,7.0686,2.7704
2.851,7.0686,2.9274
2.7465,7.0686,3.0845
2.7926,7.0686,3.2416
2.8877,7.0686,3.3987
2.7487,7.0686,3.5558
2.8313,7.0686,3.7128
2.6493,7.0686,3.8699
2.7239,7.0686,4.027
2.7052,7.0686,4.1841
2.8469,7.0686,4.3412
2.8775,7.0686,4.4982
2.9957,7.0686,4.6553
3.1632,7.0686,4.8124
3.1111,7.0686,4.9695
3.401,7.0686,5.1265
3.5207,7.0686,5.2836
3.6893,7.0686,5.4407
3.9819,7.0686,5.5978
4.0843,7.0686,5.7549
4.4151,7.0686,5.9119
4.6913,7.0686,6.069
5.1323,7.0686,6.2261
5.3136,7.0686,6.3832
5.6027,7.0686,6.5403
5.6018,7.0686,6.6973
5.6962,7.0686,6.8544
6.2679,7.0686,7.0115
6.2721,7.0686,7.1686
6.6068,7.0686,7.3257
6.7732,7.0686,7.4827
6.8658,7.0686,7.6398
6.8742,7.0686,7.7969
6.9483,7.0686,7.954
7.2472,7.0686,8.1111
7.1101,7.0686,8.2681
7.3223,7.0686,8.4252
7.3157,7.0686,8.5823
7.2434,7.0686,8.7394
7.1925,7.0686,8.8965
7.2438,7.0686,9.0535
7.1413,7.0686,9.2106
7.333,7.0686,9.3677
7.0347,7.0686,9.5248
0.88498,7.2257,0.25708
1.115,7.2257,0.41416
1.5096,7.2257,0.57124
1.8815,7.2257,0.72832
1.9344,7.2257,0.8854
2.2648,7.2257,1.0425
2.4952,7.2257,1.1996
2.5842,7.2257,1.3566
2.7388,7.2257,1.5137
2.7065,7.2257,1.6708
2.9512,7.2257,1.8279
3.1773,7.2257,1.985
3.1131,7.2257,2.142
3.0695,7.2257,2.2991
3.1526,7.2257,2.4562
3.2711,7.2257,2.6133
3.1255,7.2257,2.7704
3.0431,7.2257,2.9274
3.251,7.2257,3.0845
3.041,7.2257,3.2416
3.1509,7.2257,3.3987
3.0719,7.2257,3.5558
3.1106,7.2257,3.7128
2.9717,7.2257,3.8699
3.1827,7.2257,4.027
3.2283,7.2257,4.1841
3.0908,7.2257,4.3412
3.2046,7.2257,4.4982
3.2801,7.2257,4.6553
3.5348,7.2257,4.8124
3.6104,7.2257,4.9695
3.8033,7.2257,5.1265
4.0661,7.2257,5.2836
4.2783,7.2257,5.4407
4.3975,7.2257,5.5978
4.6796,7.2257,5.7549
5.0807,7.2257,5.9119
5.3828,7.2257,6.069
5.4888,7.2257,6.2261
5.8727,7.2257,6.3832
6.1323,7.2257,6.5403
6.2271,7.2257,6.6973
6.5236,7.2257,6.8544
6.7742,7.2257,7.0115
7.1519,7.2257,7.1686
7.2409,7.2257,7.3257
7.6053,7.2257,7.4827
7.784,7.2257,7.6398
7.8709,7.2257,7.7969
7.817,7.2257,7.954
7.9154,7.2257,8.1111
7.9884,7.2257,8.2681
8.2528,7.2257,8.4252
8.3572,7.2257,8.5823
8.3066,7.2257,8.7394
8.4634,7.2257,8.8965
8.2734,7.2257,9.0535
8.1927,7.2257,9.2106
8.1057,7.2257,9.3677
8.2314,7.2257,9.5248
1.0461,7.3827,0.25708
1.3919,7.3827,0.41416
1.9109,7.3827,0.57124
1.9743,7.3827,0.72832
2.3801,7.3827,0.8854
2.5923,7.3827,1.0425
2.8082,7.3827,1.1996
2.8151,7.3827,1.3566
2.9138,7.3827,1.5137
3.0584,7.3827,1.6708
3.196,7.3827,1.8279
3.2192,7.3827,1.985
3.5244,7.3827,2.142
3.379,7.3827,2.2991
3.4921,7.3827,2.4562
3.5448,7.3827,2.6133
3.5255,7.3827,2.7704
3.4896,7.3827,2.9274
3.4669,7.3827,3.0845
3.3041,7.3827,3.2416
3.3994,7.3827,3.3987
3.488,7.3827,3.5558
3.205,7.3827,3.7128
3.2477,7.3827,3.8699
3.4447,7.3827,4.027
3.3192,7.3827,4.1841
3.3879,7.3827,4.3412
3.7261,7.3827,4.4982
3.5754,7.3827,4.6553
3.7424,7.3827,4.8124
4.017,7.3827,4.9695
4.1067,7.3827,5.1265
4.3453,7.3827,5.2836
4.6684,7.3827,5.4407
4.9772,7.3827,5.5978
5.1786,7.3827,5.7549
5.6002,7.3827,5.9119
5.931,7.3827,6.069
6.0641,7.3827,6.2261
6.2397,7.3827,6.3832
6.5297,7.3827,6.5403
7.1395,7.3827,6.6973
7.2657,7.3827,6.8544
7.6256,7.3827,7.0115
7.8438,7.3827,7.1686
7.964,7.3827,7.3257
8.2498,7.3827,7.4827
8.442,7.3827,7.6398
8.6337,7.3827,7.7969
8.7703,7.3827,7.954
8.9504,7.3827,8.1111
8.9288,7.3827,8.2681
9.047,7.3827,8.4252
8.8616,7.3827,8.5823
8.9271,7.3827,8.7394
9.2425,7.3827,8.8965
9.0835,7.3827,9.0535
9.0617,7.3827,9.2106
9.0892,7.3827,9.3677
8.8871,7.3827,9.5248
1.2254,7.5398,0.25708
1.3944,7.5398,0.41416
1.6943,7.5398,0.57124
1.9627,7.5398,0.72832
2.3576,7.5398,0.8854
2.4916,7.5398,1.0425
2.8169,7.5398,1.1996
3.0836,7.5398,1.3566
3.1296,7.5398,1.5137
3.3063,7.5398,1.6708
3.5923,7.5398,1.8279
3.5221,7.5398,1.985
3.7734,7.5398,2.142
3.5835,7.5398,2.2991
3.5515,7.5398,2.4562
3.7065,7.5398,2.6133
3.695,7.5398,2.7704
3.786,7.5398,2.9274
3.5775,7.5398,3.0845
3.5047,7.5398,3.2416
3.5001,7.5398,3.3987
3.4294,7.5398,3.5558
3.6346,7.5398,3.7128
3.3552,7.5398,3.8699
3.4444,7.5398,4.027
3.5216,7.5398,4.1841
3.7571,7.5398,4.3412
3.7847,7.5398,4.4982
3.8817,7.5398,4.6553
3.9745,7.5398,4.8124
4.2568,7.5398,4.9695
4.4676,7.5398,5.1265
4.4835,7.5398,5.2836
4.8531,7.5398,5.4407
5.3573,7.5398,5.5978
5.3767,7.5398,5.7549
5.786,7.5398,5.9119
6.0553,7.5398,6.069
6.6408,7.5398,6.2261
6.9272,7.5398,6.3832
7.0382,7.5398,6.5403
7.4487,7.5398,6.6973
7.7859,7.5398,6.8544
8.0467,7.5398,7.0115
8.2795,7.5398,7.1686
8.6334,7.5398,7.3257
8.8619,7.5398,7.4827
8.9616,7.5398,7.6398
9.009,7.5398,7.7969
9.3811,7.5398,7.954
9.6258,7.5398,8.1111
9.5207,7.5398,8.2681
9.4532,7.5398,8.4252
9.7123,7.5398,8.5823
9.664,7.5398,8.7394
9.6467,7.5398,8.8965
9.659,7.5398,9.0535
9.6284,7.5398,9.2106
9.626,7.5398,9.3677
9.6456,7.5398,9.5248
1.2217,7.6969,0.25708
1.2707,7.6969,0.41416
1.7416,7.6969,0.57124
2.1715,7.6969,0.72832
2.4872,7.6969,0.8854
2.7891,7.6969,1.0425
2.8956,7.6969,1.1996
3.0958,7.6969,1.3566
3.2533,7.6969,1.5137
3.4996,7.6969,1.6708
3.6737,7.6969,1.8279
3.6122,7.6969,1.985
3.6794,7.6969,2.142
3.818,7.6969,2.2991
3.777,7.6969,2.4562
3.9983,7.6969,2.6133
3.7081,7.6969,2.7704
3.8837,7.6969,2.9274
3.7208,7.6969,3.0845
3.6565,7.6969,3.2416
3.8714,7.6969,3.3987
3.8085,7.6969,3.5558
3.5056,7.6969,3.7128
3.6373,7.6969,3.8699
3.6949,7.6969,4.027
3.779,7.6969,4.1841
3.6773,7.6969,4.3412
3.9591,7.6969,4.4982
4.1135,7.6969,4.6553
4.1412,7.6969,4.8124
4.4388,7.6969,4.9695
4.3799,7.6969,5.1265
4.8083,7.6969,5.2836
5.1171,7.6969,5.4407
5.3928,7.6969,5.5978
5.6772,7.6969,5.7549
6.0869,7.6969,5.9119
6.3104,7.6969,6.069
6.7612,7.6969,6.2261
6.8667,7.6969,6.3832
7.4701,7.6969,6.5403
7.6628,7.6969,6.6973
8.0289,7.6969,6.8544
8.395,7.6969,7.0115
8.7783,7.6969,7.1686
8.907,7.6969,7.3257
9.1626,7.6969,7.4827
9.4523,7.6969,7.6398
9.378,7.6969,7.7969
9.6724,7.6969,7.954
9.8858,7.6969,8.1111
9.7016,7.6969,8.2681
10.035,7.6969,8.4252
10.116,7.6969,8.5823
9.9377,7.6969,8.7394
10.19,7.6969,8.8965
10.023,7.6969,9.0535
10.105,7.6969,9.2106
10.026,7.6969,9.3677
9.8682,7.6969,9.5248
1.1147,7.854,0.25708
1.2249,7.854,0.41416
1.8269,7.854,0.57124
2.232,7.854,0.72832
2.4269,7.854,0.8854
2.6121,7.854,1.0425
3.0665,7.854,1.1996
3.2328,7.854,1.3566
3.3635,7.854,1.5137
3.498,7.854,1.6708
3.659,7.854,1.8279
3.8203,7.854,1.985
3.8426,7.854,2.142
4.0205,7.854,2.2991
3.8256,7.854,2.4562
3.7725,7.854,2.6133
3.8128,7.854,2.7704
4.0452,7.854,2.9274
3.8305,7.854,3.0845
3.7681,7.854,3.2416
3.6302,7.854,3.3987
3.6912,7.854,3.5558
3.5765,7.854,3.7128
3.6469,7.854,3.8699
3.7669,7.854,4.027
3.8214,7.854,4.1841
3.9378,7.854,4.3412
3.945,7.854,4.4982
4.0865,7.854,4.6553
4.1868,7.854,4.8124
4.3225,7.854,4.9695
4.5984,7.854,5.1265
4.9942,7.854,5.2836
5.1507,7.854,5.4407
5.7205,7.854,5.5978
5.6448,7.854,5.7549
6.1665,7.854,5.9119
6.4536,7.854,6.069
6.8334,7.854,6.2261
7.1866,7.854,6.3832
7.6152,7.854,6.5403
7.7187,7.854,6.6973
8.2297,7.854,6.8544
8.1969,7.854,7.0115
8.7712,7.854,7.1686
8.9947,7.854,7.3257
9.2055,7.854,7.4827
9.437,7.854,7.6398
9.7143,7.854,7.7969
9.949,7.854,7.954
9.808,7.854,8.1111
10.064,7.854,8.2681
9.9713,7.854,8.4252
10.115,7.854,8.5823
10.426,7.854,8.7394
10.155,7.854,8.8965
10.115,7.854,9.0535
10.123,7.854,9.2106
10.104,7.854,9.3677
10.269,7.854,9.5248
1.1893,8.0111,0.25708
1.6229,8.0111,0.41416
1.7568,8.0111,0.57124
2.201,8.0111,0.72832
2.3704,8.0111,0.8854
2.7656,8.0111,1.0425
3.0146,8.0111,1.1996
3.2591,8.0111,1.3566
3.3691,8.0111,1.5137
3.5796,8.0111,1.6708
3.6849,8.0111,1.8279
3.6632,8.0111,1.985
3.8759,8.0111,2.142
3.9722,8.0111,2.2991
3.7794,8.0111,2.4562
3.7509,8.0111,2.6133
3.8227,8.0111,2.7704
3.6244,8.0111,2.9274
3.7552,8.0111,3.0845
3.6024,8.0111,3.2416
3.7333,8.0111,3.3987
3.8416,8.0111,3.5558
3.6747,8.0111,3.7128
3.6375,8.0111,3.8699
3.6677,8.0111,4.027
3.6817,8.0111,4.1841
3.7348,8.0111,4.3412
3.867,8.0111,4.4982
4.2303,8.0111,4.6553
4.0143,8.0111,4.8124
4.4441,8.0111,4.9695
4.6083,8.0111,5.1265
5.0419,8.0111,5.2836
5.264,8.0111,5.4407
5.5148,8.0111,5.5978
5.7102,8.0111,5.7549
6.1199,8.0111,5.9119
6.4408,8.0111,6.069
6.6464,8.0111,6.2261
7.0624,8.0111,6.3832
7.3845,8.0111,6.5403
7.7978,8.0111,6.6973
7.7358,8.0111,6.8544
8.466,8.0111,7.0115
8.5446,8.0111,7.1686
8.8357,8.0111,7.3257
9.0516,8.0111,7.4827
9.3413,8.0111,7.6398
9.5427,8.0111,7.7969
9.7039,8.0111,7.954
9.7116,8.0111,8.1111
9.8109,8.0111,8.2681
9.986,8.0111,8.4252
10.062,8.0111,8.5823
9.9377,8.0111,8.7394
10.03,8.0111,8.8965
9.8775,8.0111,9.0535
9.9616,8.0111,9.2106
10.025,8.0111,9.3677
9.929,8.0111,9.5248
1.1377,8.1681,0.25708
1.5804,8.1681,0.41416
1.8215,8.1681,0.57124
1.994,8.1681,0.72832
2.3393,8.1681,0.8854
2.6346,8.1681,1.0425
2.8745,8.1681,1.1996
2.9101,8.1681,1.3566
3.2809,8.1681,1.5137
3.352,8.1681,1.6708
3.5695,8.1681,1.8279
3.7217,8.1681,1.985
3.6408,8.1681,2.142
3.8174,8.1681,2.2991
3.7302,8.1681,2.4562
3.6889,8.1681,2.6133
3.699,8.1681,2.7704
3.5854,8.1681,2.9274
3.6529,8.1681,3.0845
3.8587,8.1681,3.2416
3.848,8.1681,3.3987
3.6226,8.1681,3.5558
3.5612,8.1681,3.7128
3.5102,8.1681,3.8699
3.6214,8.1681,4.027
3.8068,8.1681,4.1841
3.6745,8.1681,4.3412
3.7921,8.1681,4.4982
3.9287,8.1681,4.6553
4.2155,8.1681,4.8124
4.0762,8.1681,4.9695
4.4777,8.1681,5.1265
4.8116,8.1681,5.2836
5.0068,8.1681,5.4407
5.2107,8.1681,5.5978
5.4994,8.1681,5.7549
6.0921,8.1681,5.9119
6.1791,8.1681,6.069
6.578,8.1681,6.2261
6.9068,8.1681,6.3832
7.3105,8.1681,6.5403
7.6022,8.1681,6.6973
7.7843,8.1681,6.8544
8.0995,8.1681,7.0115
8.3473,8.1681,7.1686
8.5282,8.1681,7.3257
8.934,8.1681,7.4827
9.0305,8.1681,7.6398
9.134,8.1681,7.7969
9.2965,8.1681,7.954
9.4331,8.1681,8.1111
9.52,8.1681,8.2681
9.7786,8.1681,8.4252
9.7825,8.1681,8.5823
9.632,8.1681,8.7394
9.5126,8.1681,8.8965
9.5859,8.1681,9.0535
9.6813,8.1681,9.2106
9.5875,8.1681,9.3677
9.4698,8.1681,9.5248
1.1795,8.3252,0.25708
1.4536,8.3252,0.41416
1.7486,8.3252,0.57124
2.0886,8.3252,0.72832
2.3801,8.3252,0.8854
2.5746,8.3252,1.0425
2.7682,8.3252,1.1996
3.0947,8.3252,1.3566
3.0696,8.3252,1.5137
3.1965,8.3252,1.6708
3.3191,8.3252,1.8279
3.2493,8.3252,1.985
3.4632,8.3252,2.142
3.7023,8.3252,2.2991
3.23,8.3252,2.4562
3.5947,8.3252,2.6133
3.3626,8.3252,2.7704
3.6514,8.3252,2.9274
3.5227,8.3252,3.0845
3.508,8.3252,3.2416
3.2161,8.3252,3.3987
3.3568,8.3252,3.5558
3.5564,8.3252,3.7128
3.3707,8.3252,3.8699
3.2562,8.3252,4.027
3.4996,8.3252,4.1841
3.5393,8.3252,4.3412
3.7008,8.3252,4.4982
3.7061,8.3252,4.6553
3.9214,8.3252,4.8124
4.21,8.3252,4.9695
4.2556,8.3252,5.1265
4.488,8.3252,5.2836
4.844,8.3252,5.4407
5.0968,8.3252,5.5978
5.2578,8.3252,5.7549
5.4581,8.3252,5.9119
5.8547,8.3252,6.069
6.0972,8.3252,6.2261
6.442,8.3252,6.3832
6.6523,8.3252,6.5403
7.0437,8.3252,6.6973
7.3214,8.3252,6.8544
7.712,8.3252,7.0115
7.9599,8.3252,7.1686
8.0155,8.3252,7.3257
8.358,8.3252,7.4827
8.574,8.3252,7.6398
8.5379,8.3252,7.7969
8.7104,8.3252,7.954
8.9855,8.3252,8.1111
9.0499,8.3252,8.2681
9.113,8.3252,8.4252
9.0618,8.3252,8.5823
9.2844,8.3252,8.7394
9.0529,8.3252,8.8965
9.2664,8.3252,9.0535
9.0441,8.3252,9.2106
9.2337,8.3252,9.3677
8.9103,8.3252,9.5248
1.1196,8.4823,0.25708
1.2842,8.4823,0.41416
1.6822,8.4823,0.57124
2.0661,8.4823,0.72832
2.203,8.4823,0.8854
2.3415,8.4823,1.0425
2.5889,8.4823,1.1996
2.8052,8.4823,1.3566
2.9927,8.4823,1.5137
2.8146,8.4823,1.6708
3.1989,8.4823,1.8279
3.1174,8.4823,1.985
3.2737,8.4823,2.142
3.2272,8.4823,2.2991
3.3162,8.4823,2.4562
3.4272,8.4823,2.6133
3.1927,8.4823,2.7704
3.2839,8.4823,2.9274
3.3593,8.4823,3.0845
3.2155,8.4823,3.2416
3.1464,8.4823,3.3987
3.0371,8.4823,3.5558
3.2347,8.4823,3.7128
3.0816,8.4823,3.8699
2.9895,8.4823,4.027
3.2612,8.4823,4.1841
3.3347,8.4823,4.3412
3.2954,8.4823,4.4982
3.4206,8.4823,4.6553
3.5898,8.4823,4.8124
3.8058,8.4823,4.9695
4.0165,8.4823,5.1265
4.2513,8.4823,5.2836
4.2789,8.4823,5.4407
4.7814,8.4823,5.5978
4.9989,8.4823,5.7549
5.1181,8.4823,5.9119
5.2835,8.4823,6.069
5.6273,8.4823,6.2261
5.8882,8.4823,6.3832
6.2749,8.4823,6.5403
6.5121,8.4823,6.6973
6.6022,8.4823,6.8544
7.2619,8.4823,7.0115
7.2677,8.4823,7.1686
7.4245,8.4823,7.3257
7.6648,8.4823,7.4827
7.6724,8.4823,7.6398
8.0815,8.4823,7.7969
8.1167,8.4823,7.954
8.1867,8.4823,8.1111
8.3573,8.4823,8.2681
8.3673,8.4823,8.4252
8.3806,8.4823,8.5823
8.3812,8.4823,8.7394
8.6555,8.4823,8.8965
8.2946,8.4823,9.0535
8.2754,8.4823,9.2106
8.4284,8.4823,9.3677
8.1214,8.4823,9.5248
0.91909,8.6394,0.25708
1.3075,8.6394,0.41416
1.5539,8.6394,0.57124
1.8546,8.6394,0.72832
2.108,8.6394,0.8854
2.2343,8.6394,1.0425
2.0327,8.6394,1.1996
2.5941,8.6394,1.3566
2.781,8.6394,1.5137
2.7713,8.6394,1.6708
2.7698,8.6394,1.8279
2.9434,8.6394,1.985
2.9978,8.6394,2.142
2.9613,8.6394,2.2991
3.051,8.6394,2.4562
2.8922,8.6394,2.6133
3.059,8.6394,2.7704
2.9124,8.6394,2.9274
3.0214,8.6394,3.0845
2.896,8.6394,3.2416
2.8004,8.6394,3.3987
2.8191,8.6394,3.5558
2.8639,8.6394,3.7128
2.7334,8.6394,3.8699
3.0245,8.6394,4.027
2.894,8.6394,4.1841
3.1439,8.6394,4.3412
3.0231,8.6394,4.4982
3.1445,8.6394,4.6553
3.06,8.6394,4.8124
3.1462,8.6394,4.9695
3.5525,8.6394,5.1265
3.9767,8.6394,5.2836
3.9959,8.6394,5.4407
4.1243,8.6394,5.5978
4.4069,8.6394,5.7549
4.568,8.6394,5.9119
4.8718,8.6394,6.069
5.1683,8.6394,6.2261
5.2829,8.6394,6.3832
5.5752,8.6394,6.5403
5.6674,8.6394,6.6973
6.0217,8.6394,6.8544
6.1968,8.6394,7.0115
6.6607,8.6394,7.1686
6.6296,8.6394,7.3257
6.775,8.6394,7.4827
6.8962,8.6394,7.6398
7.072,8.6394,7.7969
6.9785,8.6394,7.954
7.3818,8.6394,8.1111
7.3388,8.6394,8.2681
7.2417,8.6394,8.4252
7.4458,8.6394,8.5823
7.3349,8.6394,8.7394
7.4679,8.6394,8.8965
7.4427,8.6394,9.0535
7.4998,8.6394,9.2106
7.2971,8.6394,9.3677
7.4339,8.6394,9.5248
0.98925,8.7965,0.25708
1.1412,8.7965,0.41416
1.4645,8.7965,0.57124
1.6923,8.7965,0.72832
1.8251,8.7965,0.8854
1.9245,8.7965,1.0425
2.0398,8.7965,1.1996
2.1644,8.7965,1.3566
2.42,8.7965,1.5137
2.3864,8.7965,1.6708
2.5653,8.7965,1.8279
2.5404,8.7965,1.985
2.6257,8.7965,2.142
2.5822,8.7965,2.2991
2.5274,8.7965,2.4562
2.3101,8.7965,2.6133
2.6526,8.7965,2.7704
2.5694,8.7965,2.9274
2.4793,8.7965,3.0845
2.522,8.7965,3.2416
2.6817,8.7965,3.3987
2.5016,8.7965,3.5558
2.4811,8.7965,3.7128
2.5561,8.7965,3.8699
2.3585,8.7965,4.027
2.757,8.7965,4.1841
2.51,8.7965,4.3412
2.775,8.7965,4.4982
2.6683,8.7965,4.6553
2.8104,8.7965,4.8124
2.8999,8.7965,4.9695
3.2646,8.7965,5.1265
3.2763,8.7965,5.2836
3.1526,8.7965,5.4407
3.5992,8.7965,5.5978
3.6628,8.7965,5.7549
4.0411,8.7965,5.9119
4.2715,8.7965,6.069
4.194,8.7965,6.2261
4.5176,8.7965,6.3832
4.5992,8.7965,6.5403
4.8024,8.7965,6.6973
5.1458,8.7965,6.8544
5.3382,8.7965,7.0115
5.4823,8.7965,7.1686
5.5945,8.7965,7.3257
5.7266,8.7965,7.4827
5.9445,8.7965,7.6398
6.0124,8.7965,7.7969
5.998,8.7965,7.954
6.1883,8.7965,8.1111
6.2127,8.7965,8.2681
5.9469,8.7965,8.4252
6.2563,8.7965,8.5823
6.1138,8.7965,8.7394
6.2619,8.7965,8.8965
6.1713,8.7965,9.0535
6.2495,8.7965,9.2106
6.1497,8.7965,9.3677
6.2549,8.7965,9.5248
1.0714,8.9535,0.25708
0.92187,8.9535,0.41416
1.171,8.9535,0.57124
1.435,8.9535,0.72832
1.5769,8.9535,0.8854
1.5247,8.9535,1.0425
1.9798,8.9535,1.1996
1.9959,8.9535,1.3566
1.8658,8.9535,1.5137
1.9394,8.9535,1.6708
2.2334,8.9535,1.8279
2.0261,8.9535,1.985
2.1836,8.9535,2.142
2.2489,8.9535,2.2991
2.2037,8.9535,2.4562
2.2083,8.9535,2.6133
2.1085,8.9535,2.7704
2.0814,8.9535,2.9274
2.1633,8.9535,3.0845
2.1265,8.9535,3.2416
2.0101,8.9535,3.3987
2.0306,8.9535,3.5558
2.1572,8.9535,3.7128
2.0425,8.9535,3.8699
1.9843,8.9535,4.027
2.326,8.9535,4.1841
2.0714,8.9535,4.3412
2.1519,8.9535,4.4982
2.1548,8.9535,4.6553
2.5034,8.9535,4.8124
2.6045,8.9535,4.9695
2.5419,8.9535,5.1265
2.5101,8.9535,5.2836
2.7575,8.9535,5.4407
3.0735,8.9535,5.5978
3.0517,8.9535,5.7549
3.3297,8.9535,5.9119
3.3245,8.9535,6.069
3.5866,8.9535,6.2261
3.6857,8.9535,6.3832
3.7473,8.9535,6.5403
4.1457,8.9535,6.6973
4.1204,8.9535,6.8544
4.1277,8.9535,7.0115
4.3989,8.9535,7.1686
4.5222,8.9535,7.3257
4.369,8.9535,7.4827
4.7148,8.9535,7.6398
4.8465,8.9535,7.7969
4.641,8.9535,7.954
5.0348,8.9535,8.1111
4.8403,8.9535,8.2681
5.0393,8.9535,8.4252
4.9728,8.9535,8.5823
5.0648,8.9535,8.7394
5.1106,8.9535,8.8965
5.0264,8.9535,9.0535
5.0243,8.9535,9.2106
4.8538,8.9535,9.3677
5.0698,8.9535,9.5248
0.87527,9.1106,0.25708
0.8243,9.1106,0.41416
1.058,9.1106,0.57124
1.1676,9.1106,0.72832
1.324,9.1106,0.8854
1.4037,9.1106,1.0425
1.3014,9.1106,1.1996
1.6276,9.1106,1.3566
1.7059,9.1106,1.5137
1.5406,9.1106,1.6708
1.7294,9.1106,1.8279
1.7571,9.1106,1.985
1.659,9.1106,2.142
1.7583,9.1106,2.2991
1.8036,9.1106,2.4562
1.768,9.1106,2.6133
1.633,9.1106,2.7704
1.8642,9.1106,2.9274
1.7095,9.1106,3.0845
1.4004,9.1106,3.2416
1.7027,9.1106,3.3987
1.7569,9.1106,3.5558
1.6648,9.1106,3.7128
1.5895,9.1106,3.8699
1.7865,9.1106,4.027
1.7415,9.1106,4.1841
1.8403,9.1106,4.3412
1.7895,9.1106,4.4982
1.7774,9.1106,4.6553
1.68,9.1106,4.8124
2.0242,9.1106,4.9695
1.8177,9.1106,5.1265
2.0246,9.1106,5.2836
2.0975,9.1106,5.4407
2.2606,9.1106,5.5978
2.5335,9.1106,5.7549
2.4465,9.1106,5.9119
2.5977,9.1106,6.069
2.5706,9.1106,6.2261
2.8196,9.1106,6.3832
2.8063,9.1106,6.5403
3.1144,9.1106,6.6973
3.153,9.1106,6.8544
3.096,9.1106,7.0115
3.2849,9.1106,7.1686
3.4788,9.1106,7.3257
3.5059,9.1106,7.4827
3.4751,9.1106,7.6398
3.5888,9.1106,7.7969
3.4416,9.1106,7.954
3.5811,9.1106,8.1111
3.6384,9.1106,8.2681
3.6934,9.1106,8.4252
3.7385,9.1106,8.5823
3.7297,9.1106,8.7394
3.7498,9.1106,8.8965
3.6712,9.1106,9.0535
3.7363,9.1106,9.2106
3.6011,9.1106,9.3677
3.4378,9.1106,9.5248
0.86133,9.2677,0.25708
1.1117,9.2677,0.41416
0.90596,9.2677,0.57124
1.0768,9.2677,0.72832
1.0243,9.2677,0.8854
1.1065,9.2677,1.0425
1.1207,9.2677,1.1996
0.98537,9.2677,1.3566
1.1963,9.2677,1.5137
1.2425,9.2677,1.6708
1.2755,9.2677,1.8279
1.3235,9.2677,1.985
1.1627,9.2677,2.142
1.263,9.2677,2.2991
1.2391,9.2677,2.4562
1.1374,9.2677,2.6133
1.1441,9.2677,2.7704
1.1043,9.2677,2.9274
1.4253,9.2677,3.0845
1.2606,9.2677,3.2416
1.3744,9.2677,3.3987
1.2109,9.2677,3.5558
1.2647,9.2677,3.7128
1.2861,9.2677,3.8699
1.3071,9.2677,4.027
1.1348,9.2677,4.1841
1.2712,9.2677,4.3412
1.1314,9.2677,4.4982
1.2076,9.2677,4.6553
1.3923,9.2677,4.8124
1.4764,9.2677,4.9695
1.3848,9.2677,5.1265
1.4593,9.2677,5.2836
1.5227,9.2677,5.4407
1.4414,9.2677,5.5978
1.5749,9.2677,5.7549
1.6238,9.2677,5.9119
1.6458,9.2677,6.069
1.6515,9.2677,6.2261
1.803,9.2677,6.3832
1.8948,9.2677,6.5403
1.9445,9.2677,6.6973
1.9537,9.2677,6.8544
2.0605,9.2677,7.0115
2.0484,9.2677,7.1686
2.0766,9.2677,7.3257
1.9189,9.2677,7.4827
2.2447,9.2677,7.6398
2.0514,9.2677,7.7969
2.2122,9.2677,7.954
2.3646,9.2677,8.1111
2.0802,9.2677,8.2681
2.2373,9.2677,8.4252
2.2852,9.2677,8.5823
2.2388,9.2677,8.7394
2.3651,9.2677,8.8965
2.1685,9.2677,9.0535
2.3617,9.2677,9.2106
2.2232,9.2677,9.3677
2.0503,9.2677,9.5248
0.8024,9.4248,0.25708
0.79922,9.4248,0.41416
0.6004,9.4248,0.57124
0.81639,9.4248,0.72832
0.77666,9.4248,0.8854
0.68683,9.4248,1.0425
0.53864,9.4248,1.1996
0.74616,9.4248,1.3566
0.79645,9.4248,1.5137
0.87162,9.4248,1.6708
0.76661,9.4248,1.8279
0.76284,9.4248,1.985
0.85393,9.4248,2.142
0.72449,9.4248,2.2991
0.71225,9.4248,2.4562
0.60259,9.4248,2.6133
0.93104,9.4248,2.7704
0.94474,9.4248,2.9274
0.59012,9.4248,3.0845
1.0399,9.4248,3.2416
0.81083,9.4248,3.3987
0.86541,9.4248,3.5558
0.71761,9.4248,3.7128
0.91505,9.4248,3.8699
0.69504,9.4248,4.027
0.82901,9.4248,4.1841
0.58078,9.4248,4.3412
0.8078,9.4248,4.4982
0.75617,9.4248,4.6553
0.77197,9.4248,4.8124
0.79937,9.4248,4.9695
0.68995,9.4248,5.1265
0.49844,9.4248,5.2836
0.7381,9.4248,5.4407
0.53815,9.4248,5.5978
0.72172,9.4248,5.7549
0.68229,9.4248,5.9119
0.74974,9.4248,6.069
0.85606,9.4248,6.2261
0.89202,9.4248,6.3832
0.57496,9.4248,6.5403
0.7481,9.4248,6.6973
0.73976,9.4248,6.8544
0.90093,9.4248,7.0115
0.73855,9.4248,7.1686
0.7428,9.4248,7.3257
0.76615,9.4248,7.4827
0.71267,9.4248,7.6398
0.84911,9.4248,7.7969
0.94494,9.4248,7.954
0.65489,9.4248,8.1111
0.85236,9.4248,8.2681
0.80906,9.4248,8.4252
0.81305,9.4248,8.5823
0.90994,9.4248,8.7394
0.84349,9.4248,8.8965
0.84971,9.4248,9.0535
0.79951,9.4248,9.2106
0.75407,9.4248,9.3677
0.76258,9.4248,9.5248
